  # Samp Profile                         DE76    De94   DL
---------------------------------------------------------------
  1   1  1.191 1.160 -0.630 -0.658 0.000   15.1366 12.8359 10.9885
  2   1  0.504 -0.122 0.064 0.012 0.000   12.1798 10.1554 8.1838
  3   1  -0.946 0.371 1.581 1.497 0.000   11.5472 9.5851 7.1566
  4   1  -0.420 0.949 -0.447 -0.065 0.000   11.6418 9.2597 6.6289
  5   1  -1.285 1.202 1.874 1.813 0.000   13.1868 11.1854 8.5837
  6   1  -0.481 0.752 0.961 0.978 0.000   10.5068 8.3745 5.7207
  7   1  -0.280 -0.580 1.305 0.997 0.000   10.4820 8.4985 6.1929
  8   1  -0.312 -0.188 1.606 1.048 0.000   10.5211 8.5509 6.2398
  9   1  0.537 0.418 -0.297 -0.311 0.000   13.0136 10.8625 8.9008
 10   1  -0.646 -1.341 1.498 1.278 0.000   11.3144 9.3114 6.9754
---------------------------------------------------------------
AVG   1  -0.214 0.262 0.751 0.659 0.000   11.9530 9.8619 7.5571
MIN   1  -1.285 -1.341 -0.630 -0.658 0.000   10.4820 8.3745 5.7207
MAX   1  1.191 1.202 1.874 1.813 0.000   15.1366 12.8359 10.9885

  # Samp Profile                         DE76    De94   DL
---------------------------------------------------------------
  1   3  -0.418 -0.133 1.292 1.029 0.000   10.3714 8.3843 6.0368
  2   3  -0.056 0.220 0.866 0.621 0.000   10.2121 8.1508 5.7743
  3   3  -0.283 0.984 -0.090 0.683 0.000   10.8699 8.5301 5.7016
  4   3  -0.063 0.490 0.689 0.581 0.000   10.2962 8.1754 5.7134
  5   3  -0.783 2.042 0.635 1.144 0.000   11.7632 9.3344 5.9470
  6   3  -1.556 1.671 1.129 2.157 0.000   14.1845 11.9996 8.9538
  7   3  -0.609 -0.551 1.098 1.105 0.000   10.4535 8.4783 6.1566
  8   3  -0.662 0.768 1.407 1.218 0.000   10.9411 8.8860 6.2997
  9   3  -0.377 0.844 0.880 0.878 0.000   10.4546 8.2925 5.6180
 10   3  -0.271 0.683 0.253 0.809 0.000   10.5027 8.2758 5.5838
---------------------------------------------------------------
AVG   3  -0.508 0.702 0.816 1.023 0.000   11.0049 8.8507 6.1785
MIN   3  -1.556 -0.551 -0.090 0.581 0.000   10.2121 8.1508 5.5838
MAX   3  -0.056 2.042 1.407 2.157 0.000   14.1845 11.9996 8.9538

  # Samp Profile                         DE76    De94   DL
---------------------------------------------------------------
  1  10  0.058 -0.422 0.795 0.652 0.000   10.4498 8.4427 6.1777
  2  10  -0.310 -0.854 1.145 0.972 0.000   10.5542 8.5619 6.2532
  3  10  0.044 -0.077 0.667 0.534 0.000   10.3876 8.3485 6.0577
  4  10  -0.390 -0.750 1.070 0.968 0.000   10.4383 8.4509 6.1456
  5  10  -0.287 0.097 1.078 0.872 0.000   10.1999 8.1717 5.7789
  6  10  -0.312 0.901 0.589 0.787 0.000   10.5029 8.2837 5.5582
  7  10  -0.096 -0.204 0.800 0.669 0.000   10.2577 8.2337 5.9223
  8  10  -0.386 0.202 1.377 1.003 0.000   10.3704 8.3654 5.9690
  9  10  -0.151 0.231 0.993 0.729 0.000   10.1698 8.1179 5.7188
 10  10  -0.133 0.648 0.529 0.628 0.000   10.3875 8.2136 5.6519
---------------------------------------------------------------
AVG  10  -0.196 -0.023 0.904 0.781 0.000   10.3718 8.3190 5.9233
MIN  10  -0.390 -0.854 0.529 0.534 0.000   10.1698 8.1179 5.5582
MAX  10  0.058 0.901 1.377 1.003 0.000   10.5542 8.5619 6.2532

  # Samp Profile                         DE76    De94   DL
---------------------------------------------------------------
  1  30  -0.132 0.265 0.913 0.702 0.000   10.1797 8.1156 5.7061
  2  30  -0.405 -0.522 0.973 0.930 0.000   10.2913 8.2979 5.9798
  3  30  -0.205 -0.008 0.789 0.738 0.000   10.1770 8.1314 5.7575
  4  30  0.016 0.279 0.602 0.512 0.000   10.3573 8.2645 5.8874
  5  30  -0.180 0.260 0.791 0.721 0.000   10.1918 8.1138 5.6804
  6  30  -0.178 0.035 0.780 0.710 0.000   10.1841 8.1333 5.7573
  7  30  -0.139 -0.040 0.978 0.756 0.000   10.1862 8.1611 5.8157
  8  30  0.068 0.275 0.678 0.480 0.000   10.3732 8.2923 5.9405
  9  30  -0.175 0.072 1.152 0.828 0.000   10.1893 8.1696 5.8069
 10  30  -0.280 -0.013 0.917 0.841 0.000   10.1750 8.1422 5.7596
---------------------------------------------------------------
AVG  30  -0.161 0.060 0.857 0.722 0.000   10.2305 8.1822 5.8091
MIN  30  -0.405 -0.522 0.602 0.480 0.000   10.1750 8.1138 5.6804
MAX  30  0.068 0.279 1.152 0.930 0.000   10.3732 8.2979 5.9798

  # Samp Profile                         DE76    De94   DL
---------------------------------------------------------------
  1 100  0.044 0.188 0.780 0.719 0.000   10.2130 8.1519 5.7762
  2 100  -0.128 0.128 0.836 0.690 0.000   10.1869 8.1320 5.7508
  3 100  -0.373 0.026 1.034 0.956 0.000   10.2377 8.2147 5.8152
  4 100  -0.151 0.021 0.878 0.747 0.000   10.1765 8.1374 5.7719
  5 100  -0.158 0.048 1.010 0.768 0.000   10.1739 8.1434 5.7804
  6 100  -0.101 0.421 0.842 0.674 0.000   10.2139 8.1215 5.6717
  7 100  -0.173 0.173 1.066 0.783 0.000   10.1710 8.1333 5.7461
  8 100  -0.378 0.247 1.050 0.925 0.000   10.2554 8.2088 5.7585
  9 100  -0.136 0.023 0.823 0.692 0.000   10.1924 8.1480 5.7877
 10 100  -0.042 -0.208 1.083 0.713 0.000   10.2773 8.2699 5.9670
---------------------------------------------------------------
AVG 100  -0.160 0.107 0.940 0.767 0.000   10.2098 8.1661 5.7825
MIN 100  -0.378 -0.208 0.780 0.674 0.000   10.1710 8.1215 5.6717
MAX 100  0.044 0.421 1.083 0.956 0.000   10.2773 8.2699 5.9670

  # Samp Profile                         DE76    De94   DL
---------------------------------------------------------------
  1 300  -0.033 0.068 0.996 0.644 0.000   10.2127 8.1801 5.8446
  2 300  -0.297 0.058 0.881 0.818 0.000   10.1727 8.1280 5.7255
  3 300  -0.171 0.120 0.761 0.715 0.000   10.1857 8.1232 5.7258
  4 300  -0.062 0.068 0.908 0.693 0.000   10.1954 8.1555 5.8031
  5 300  -0.126 0.016 0.819 0.676 0.000   10.1997 8.1557 5.8004
  6 300  -0.199 0.049 0.927 0.772 0.000   10.1693 8.1308 5.7541
  7 300  -0.161 0.058 0.793 0.850 0.000   10.1688 8.1197 5.7233
  8 300  -0.251 -0.007 0.965 0.813 0.000   10.1746 8.1450 5.7724
  9 300  -0.227 0.194 0.956 0.789 0.000   10.1736 8.1217 5.7084
 10 300  -0.172 -0.112 1.014 0.796 0.000   10.1957 8.1792 5.8404
---------------------------------------------------------------
AVG 300  -0.170 0.051 0.902 0.757 0.000   10.1848 8.1439 5.7698
MIN 300  -0.297 -0.112 0.761 0.644 0.000   10.1688 8.1197 5.7084
MAX 300  -0.033 0.194 1.014 0.850 0.000   10.2127 8.1801 5.8446

  # Samp Profile                         DE76    De94   DL
---------------------------------------------------------------
  1 1000  -0.268 0.291 1.135 0.888 0.000   10.2240 8.1819 5.7511
  2 1000  -0.281 0.094 0.936 0.844 0.000   10.1790 8.1369 5.7318
  3 1000  -0.409 0.031 1.065 0.997 0.000   10.2744 8.2553 5.8516
  4 1000  -0.384 -0.021 0.907 0.876 0.000   10.1916 8.1580 5.7591
  5 1000  0.081 0.162 0.822 0.494 0.000   10.3400 8.2880 5.9703
  6 1000  -0.175 0.261 0.846 0.755 0.000   10.1827 8.1115 5.6800
  7 1000  -0.183 0.133 0.995 0.790 0.000   10.1692 8.1290 5.7408
  8 1000  -0.516 0.187 0.818 1.002 0.000   10.3070 8.2414 5.7430
  9 1000  -0.094 0.170 0.940 0.675 0.000   10.1835 8.1343 5.7605
 10 1000  -0.157 0.288 0.803 0.742 0.000   10.1921 8.1129 5.6741
---------------------------------------------------------------
AVG 1000  -0.238 0.160 0.927 0.806 0.000   10.2243 8.1749 5.7662
MIN 1000  -0.516 -0.021 0.803 0.494 0.000   10.1692 8.1115 5.6741
MAX 1000  0.081 0.291 1.135 1.002 0.000   10.3400 8.2880 5.9703

