  # Samp Profile                         DE76    De94   DL
---------------------------------------------------------------
  1   1  0.301 -0.218 0.698 0.000 0.499   10.2545 8.5902 6.5432
  2   1  1.394 -1.144 1.763 0.000 -0.769   19.7380 17.4218 14.5310
  3   1  -0.899 2.126 1.284 0.000 1.384   15.5733 14.0646 12.4980
  4   1  0.752 -0.312 0.393 0.000 -0.241   12.6216 10.9688 9.0826
  5   1  -0.326 -0.590 1.740 0.000 0.945   12.4624 10.5853 8.0709
  6   1  0.585 0.910 -0.240 0.000 -0.122   11.2245 9.5947 7.8104
  7   1  0.967 -0.994 1.719 0.000 -0.261   15.3574 13.3030 10.5836
  8   1  -0.127 1.276 -0.737 0.000 0.496   10.7895 9.0866 6.9387
  9   1  0.447 -0.579 1.469 0.000 0.231   11.3772 9.5716 7.2113
 10   1  -1.616 2.452 -1.925 0.000 -1.143   13.3362 11.2419 8.3900
---------------------------------------------------------------
AVG   1  0.148 0.293 0.616 0.000 0.102   13.2735 11.4429 9.1660
MIN   1  -1.616 -1.144 -1.925 0.000 -1.143   10.2545 8.5902 6.5432
MAX   1  1.394 2.452 1.763 0.000 1.384   19.7380 17.4218 14.5310

  # Samp Profile                         DE76    De94   DL
---------------------------------------------------------------
  1   3  0.086 0.419 0.243 0.000 0.413   10.0822 8.4754 6.5758
  2   3  -0.825 1.706 0.022 0.000 1.250   13.8667 12.3140 10.5885
  3   3  0.044 0.604 -0.114 0.000 0.296   10.1846 8.5633 6.6354
  4   3  -0.345 -0.190 0.792 0.000 0.834   11.3288 9.6588 7.6266
  5   3  -0.226 0.108 0.786 0.000 0.736   10.8608 9.2261 7.2742
  6   3  -0.642 1.938 0.050 0.000 1.021   12.6829 11.0743 9.1824
  7   3  0.505 0.061 0.214 0.000 -0.017   10.8303 9.2475 7.4508
  8   3  -0.300 -1.061 1.431 0.000 1.040   12.8058 10.8338 8.0969
  9   3  0.348 0.071 0.570 0.000 0.176   10.2730 8.6719 6.7800
 10   3  0.155 0.430 0.037 0.000 0.331   10.0883 8.4820 6.5864
---------------------------------------------------------------
AVG   3  -0.120 0.409 0.403 0.000 0.608   11.3003 9.6547 7.6797
MIN   3  -0.825 -1.061 -0.114 0.000 -0.017   10.0822 8.4754 6.5758
MAX   3  0.505 1.938 1.431 0.000 1.250   13.8667 12.3140 10.5885

  # Samp Profile                         DE76    De94   DL
---------------------------------------------------------------
  1  10  0.041 0.005 0.482 0.000 0.465   10.1200 8.4943 6.5445
  2  10  0.217 0.450 0.010 0.000 0.247   10.1378 8.5339 6.6523
  3  10  -0.085 0.514 0.569 0.000 0.583   10.3835 8.7768 6.8855
  4  10  0.045 0.533 -0.342 0.000 0.442   10.2150 8.5915 6.6540
  5  10  0.647 -0.129 -0.269 0.000 -0.150   11.6962 10.1053 8.3713
  6  10  0.108 0.377 0.407 0.000 0.394   10.0564 8.4503 6.5505
  7  10  0.004 0.049 0.797 0.000 0.540   10.2742 8.6313 6.6447
  8  10  0.304 0.213 0.278 0.000 0.189   10.1727 8.5814 6.7222
  9  10  -0.190 0.406 0.719 0.000 0.695   10.7226 9.1135 7.2242
 10  10  0.266 0.234 0.085 0.000 0.234   10.1269 8.5329 6.6688
---------------------------------------------------------------
AVG  10  0.136 0.265 0.274 0.000 0.364   10.3905 8.7811 6.8918
MIN  10  -0.190 -0.129 -0.342 0.000 -0.150   10.0564 8.4503 6.5445
MAX  10  0.647 0.533 0.797 0.000 0.695   11.6962 10.1053 8.3713

  # Samp Profile                         DE76    De94   DL
---------------------------------------------------------------
  1  30  0.003 -0.020 0.547 0.000 0.517   10.1956 8.5620 6.5956
  2  30  0.155 -0.004 0.323 0.000 0.345   10.0613 8.4504 6.5319
  3  30  0.316 0.287 0.274 0.000 0.223   10.1389 8.5462 6.6838
  4  30  0.170 -0.106 0.560 0.000 0.374   10.1309 8.4991 6.5291
  5  30  0.226 -0.001 0.581 0.000 0.535   10.1326 8.4982 6.5259
  6  30  0.218 0.176 0.613 0.000 0.297   10.0697 8.4616 6.5495
  7  30  0.327 0.058 0.195 0.000 0.178   10.2449 8.6542 6.7961
  8  30  0.264 0.132 0.259 0.000 0.234   10.1231 8.5278 6.6524
  9  30  0.056 0.258 0.344 0.000 0.421   10.0684 8.4602 6.5552
 10  30  0.256 0.195 0.453 0.000 0.254   10.0919 8.4927 6.6048
---------------------------------------------------------------
AVG  30  0.199 0.098 0.415 0.000 0.338   10.1257 8.5152 6.6024
MIN  30  0.003 -0.106 0.195 0.000 0.178   10.0613 8.4504 6.5259
MAX  30  0.327 0.287 0.613 0.000 0.535   10.2449 8.6542 6.7961

  # Samp Profile                         DE76    De94   DL
---------------------------------------------------------------
  1 100  0.193 0.155 0.373 0.000 0.369   10.0410 8.4344 6.5282
  2 100  0.108 0.089 0.606 0.000 0.438   10.0946 8.4711 6.5251
  3 100  0.256 0.145 0.162 0.000 0.254   10.1060 8.5109 6.6374
  4 100  0.131 0.175 0.296 0.000 0.371   10.0365 8.4306 6.5280
  5 100  0.105 0.158 0.499 0.000 0.231   10.0584 8.4543 6.5534
  6 100  0.323 0.278 0.259 0.000 0.200   10.1669 8.5756 6.7191
  7 100  0.115 0.329 0.353 0.000 0.387   10.0484 8.4428 6.5435
  8 100  0.299 0.254 0.057 0.000 0.151   10.2316 8.6418 6.8001
  9 100  0.113 -0.041 0.333 0.000 0.383   10.0644 8.4478 6.5162
 10 100  0.200 0.493 0.213 0.000 0.269   10.0939 8.4908 6.6046
---------------------------------------------------------------
AVG 100  0.184 0.204 0.315 0.000 0.305   10.0942 8.4900 6.5956
MIN 100  0.105 -0.041 0.057 0.000 0.151   10.0365 8.4306 6.5162
MAX 100  0.323 0.493 0.606 0.000 0.438   10.2316 8.6418 6.8001

  # Samp Profile                         DE76    De94   DL
---------------------------------------------------------------
  1 300  0.119 0.354 0.299 0.000 0.386   10.0520 8.4468 6.5493
  2 300  0.069 0.353 0.500 0.000 0.442   10.0902 8.4810 6.5749
  3 300  0.234 0.317 0.262 0.000 0.270   10.0731 8.4754 6.5971
  4 300  0.292 0.037 0.480 0.000 0.253   10.1609 8.5555 6.6496
  5 300  0.352 0.124 0.367 0.000 0.361   10.0836 8.4804 6.5813
  6 300  0.148 0.197 0.328 0.000 0.381   10.0369 8.4308 6.5276
  7 300  0.291 -0.053 0.147 0.000 0.206   10.2211 8.6259 6.7514
  8 300  0.078 0.097 0.594 0.000 0.442   10.1011 8.4781 6.5344
  9 300  0.097 0.238 0.332 0.000 0.473   10.0792 8.4696 6.5617
 10 300  0.005 0.305 0.659 0.000 0.536   10.2214 8.6049 6.6843
---------------------------------------------------------------
AVG 300  0.168 0.197 0.397 0.000 0.375   10.1119 8.5048 6.6012
MIN 300  0.005 -0.053 0.147 0.000 0.206   10.0369 8.4308 6.5276
MAX 300  0.352 0.354 0.659 0.000 0.536   10.2214 8.6259 6.7514

  # Samp Profile                         DE76    De94   DL
---------------------------------------------------------------
  1 1000  0.252 0.265 0.352 0.000 0.260   10.0790 8.4819 6.6026
  2 1000  0.256 0.065 0.309 0.000 0.246   10.1252 8.5263 6.6390
  3 1000  0.094 0.312 0.450 0.000 0.461   10.0852 8.4756 6.5682
  4 1000  0.157 0.078 0.451 0.000 0.387   10.0561 8.4420 6.5170
  5 1000  0.113 0.338 0.215 0.000 0.391   10.0557 8.4505 6.5535
  6 1000  0.105 0.099 0.562 0.000 0.436   10.0860 8.4651 6.5257
  7 1000  -0.122 0.418 0.165 0.000 0.558   10.3230 8.7160 6.8225
  8 1000  0.066 0.442 0.135 0.000 0.385   10.0926 8.4845 6.5827
  9 1000  -0.003 0.213 0.553 0.000 0.523   10.1922 8.5745 6.6499
 10 1000  0.069 0.400 0.062 0.000 0.438   10.1052 8.4968 6.5943
---------------------------------------------------------------
AVG 1000  0.099 0.263 0.326 0.000 0.408   10.1200 8.5113 6.6055
MIN 1000  -0.122 0.065 0.062 0.000 0.246   10.0557 8.4420 6.5170
MAX 1000  0.256 0.442 0.562 0.000 0.558   10.3230 8.7160 6.8225

