  # Samp Profile                         DE76    De94   DL
---------------------------------------------------------------
  1   1  0.000 -0.520 4.184 -3.995 -4.057   18.9459 16.9422 14.9962
  2   1  0.000 0.742 1.705 -1.193 -1.188   11.9079 10.1455 8.2342
  3   1  0.000 1.604 2.334 -1.755 -1.737   13.7784 12.0083 10.1738
  4   1  0.000 1.074 -0.715 -0.440 -0.471   11.7984 9.8062 7.5814
  5   1  0.000 -4.370 4.802 -3.866 -3.016   20.3672 17.0378 12.4969
  6   1  0.000 0.362 2.156 -1.767 -1.788   13.3169 11.5630 9.7042
  7   1  0.000 -0.054 0.662 0.117 0.343   11.5425 9.8009 7.9325
  8   1  0.000 -0.895 1.895 -1.670 -1.794   13.1625 11.3178 9.2883
  9   1  0.000 -0.228 0.688 -0.159 -0.154   10.9575 9.1962 7.2713
 10   1  0.000 1.859 2.327 -1.523 -1.499   13.3167 11.5352 9.6723
---------------------------------------------------------------
AVG   1  0.000 -0.043 2.004 -1.625 -1.536   13.9094 11.9353 9.7351
MIN   1  0.000 -4.370 -0.715 -3.995 -4.057   10.9575 9.1962 7.2713
MAX   1  0.000 1.859 4.802 0.117 0.343   20.3672 17.0378 14.9962

  # Samp Profile                         DE76    De94   DL
---------------------------------------------------------------
  1   3  0.000 2.724 2.332 -2.181 -2.191   15.6611 13.7857 11.9440
  2   3  0.000 0.681 1.673 -0.845 -0.767   11.2605 9.4928 7.5520
  3   3  0.000 -0.639 1.081 -0.527 -0.504   11.0703 9.2647 7.2325
  4   3  0.000 -0.926 1.490 -0.454 0.932   13.4272 11.3787 8.7274
  5   3  0.000 1.244 1.453 -0.918 -0.910   11.5831 9.7799 7.8104
  6   3  0.000 -0.352 1.618 -0.941 -0.881   11.5042 9.6948 7.6733
  7   3  0.000 -0.540 1.507 -0.864 -0.814   11.4379 9.6153 7.5632
  8   3  0.000 1.782 -1.538 -0.589 -0.915   12.7267 10.5382 8.1375
  9   3  0.000 -0.597 1.057 -0.501 -0.444   11.0428 9.2412 7.2172
 10   3  0.000 -0.827 1.288 -0.645 -0.201   11.4300 9.5555 7.3653
---------------------------------------------------------------
AVG   3  0.000 0.255 1.196 -0.846 -0.670   12.1144 10.2347 8.1223
MIN   3  0.000 -0.926 -1.538 -2.181 -2.191   11.0428 9.2412 7.2172
MAX   3  0.000 2.724 2.332 -0.454 0.932   15.6611 13.7857 11.9440

  # Samp Profile                         DE76    De94   DL
---------------------------------------------------------------
  1  10  0.000 -0.555 1.082 -0.613 0.432   11.6962 9.8589 7.7460
  2  10  0.000 0.003 0.810 -0.363 -0.377   10.8246 9.0559 7.1116
  3  10  0.000 0.966 1.014 -0.495 -0.493   11.0184 9.2083 7.2086
  4  10  0.000 0.413 0.365 0.096 0.094   11.3042 9.5289 7.6005
  5  10  0.000 -0.363 0.840 -0.330 -0.326   10.9019 9.1291 7.1717
  6  10  0.000 -0.435 1.187 -0.822 -0.882   11.1981 9.4139 7.4358
  7  10  0.000 1.054 1.583 -1.044 -1.033   11.7126 9.9307 7.9910
  8  10  0.000 -0.375 1.038 -0.539 -0.539   10.9443 9.1623 7.1824
  9  10  0.000 0.176 0.384 0.086 0.080   11.2658 9.5058 7.6032
 10  10  0.000 -0.018 0.754 -0.294 -0.307   10.8401 9.0733 7.1353
---------------------------------------------------------------
AVG  10  0.000 0.087 0.906 -0.432 -0.335   11.1706 9.3867 7.4186
MIN  10  0.000 -0.555 0.365 -1.044 -1.033   10.8246 9.0559 7.1116
MAX  10  0.000 1.054 1.583 0.096 0.432   11.7126 9.9307 7.9910

  # Samp Profile                         DE76    De94   DL
---------------------------------------------------------------
  1  30  0.000 -0.340 0.847 -0.230 -0.156   10.9863 9.2147 7.2627
  2  30  0.000 -0.033 0.976 -0.377 -0.306   10.8477 9.0787 7.1302
  3  30  0.000 0.851 1.346 -0.855 -0.817   11.2848 9.4994 7.5402
  4  30  0.000 0.358 0.734 -0.231 -0.222   10.8793 9.1026 7.1541
  5  30  0.000 0.255 1.049 -0.533 -0.530   10.8694 9.0970 7.1452
  6  30  0.000 -0.082 0.657 -0.105 -0.047   11.0164 9.2594 7.3482
  7  30  0.000 -0.189 0.752 0.031 0.087   11.2014 9.4452 7.5360
  8  30  0.000 -0.214 0.892 -0.422 -0.421   10.8544 9.0833 7.1289
  9  30  0.000 0.142 0.918 -0.288 -0.224   10.8428 9.0763 7.1388
 10  30  0.000 0.129 1.226 -0.383 -0.274   10.8626 9.0906 7.1336
---------------------------------------------------------------
AVG  30  0.000 0.088 0.940 -0.339 -0.291   10.9645 9.1947 7.2518
MIN  30  0.000 -0.340 0.657 -0.855 -0.817   10.8428 9.0763 7.1289
MAX  30  0.000 0.851 1.346 0.031 0.087   11.2848 9.4994 7.5402

  # Samp Profile                         DE76    De94   DL
---------------------------------------------------------------
  1 100  0.000 0.320 1.147 -0.314 -0.274   10.8255 9.0566 7.1106
  2 100  0.000 0.094 0.735 -0.345 -0.352   10.8303 9.0593 7.1141
  3 100  0.000 0.159 0.880 -0.406 -0.358   10.8225 9.0520 7.1050
  4 100  0.000 0.250 1.090 -0.518 -0.491   10.8598 9.0885 7.1374
  5 100  0.000 0.191 1.024 -0.532 -0.485   10.8511 9.0798 7.1288
  6 100  0.000 0.173 1.026 -0.364 -0.298   10.8275 9.0589 7.1135
  7 100  0.000 -0.246 1.063 -0.397 -0.334   10.9156 9.1367 7.1634
  8 100  0.000 0.164 1.081 -0.414 -0.352   10.8325 9.0629 7.1137
  9 100  0.000 0.286 1.130 -0.572 -0.556   10.8952 9.1234 7.1723
 10 100  0.000 0.642 1.095 -0.573 -0.554   10.9484 9.1630 7.1958
---------------------------------------------------------------
AVG 100  0.000 0.203 1.027 -0.443 -0.406   10.8608 9.0881 7.1355
MIN 100  0.000 -0.246 0.735 -0.573 -0.556   10.8225 9.0520 7.1050
MAX 100  0.000 0.642 1.147 -0.314 -0.274   10.9484 9.1630 7.1958

  # Samp Profile                         DE76    De94   DL
---------------------------------------------------------------
  1 300  0.000 -0.110 0.972 -0.480 -0.475   10.8553 9.0840 7.1293
  2 300  0.000 0.320 0.990 -0.435 -0.400   10.8316 9.0584 7.1063
  3 300  0.000 0.180 0.847 -0.323 -0.282   10.8319 9.0626 7.1204
  4 300  0.000 0.244 1.034 -0.402 -0.357   10.8246 9.0545 7.1062
  5 300  0.000 -0.075 1.014 -0.491 -0.473   10.8602 9.0887 7.1332
  6 300  0.000 0.074 0.912 -0.479 -0.464   10.8321 9.0615 7.1116
  7 300  0.000 0.314 1.136 -0.451 -0.391   10.8368 9.0661 7.1159
  8 300  0.000 0.031 1.011 -0.554 -0.556   10.8712 9.1006 7.1489
  9 300  0.000 0.263 1.024 -0.281 -0.256   10.8279 9.0597 7.1174
 10 300  0.000 -0.215 0.962 -0.481 -0.449   10.8705 9.0972 7.1371
---------------------------------------------------------------
AVG 300  0.000 0.103 0.990 -0.438 -0.410   10.8442 9.0733 7.1226
MIN 300  0.000 -0.215 0.847 -0.554 -0.556   10.8246 9.0545 7.1062
MAX 300  0.000 0.320 1.136 -0.281 -0.256   10.8712 9.1006 7.1489

  # Samp Profile                         DE76    De94   DL
---------------------------------------------------------------
  1 1000  0.000 0.348 1.097 -0.620 -0.587   10.9174 9.1433 7.1903
  2 1000  0.000 0.296 0.602 -0.368 -0.442   10.8773 9.0890 7.1180
  3 1000  0.000 0.394 0.875 -0.249 -0.245   10.8481 9.0738 7.1260
  4 1000  0.000 0.246 0.913 -0.422 -0.422   10.8299 9.0566 7.1045
  5 1000  0.000 0.046 1.020 -0.387 -0.342   10.8376 9.0682 7.1192
  6 1000  0.000 0.248 0.888 -0.793 -0.815   11.0490 9.2689 7.3100
  7 1000  0.000 0.171 0.662 -0.507 -0.498   10.8522 9.0714 7.1093
  8 1000  0.000 0.160 0.972 -0.171 -0.111   10.8898 9.1264 7.1966
  9 1000  0.000 0.365 0.864 -0.411 -0.369   10.8394 9.0616 7.1044
 10 1000  0.000 -0.014 0.732 -0.157 -0.124   10.9316 9.1707 7.2491
---------------------------------------------------------------
AVG 1000  0.000 0.226 0.863 -0.409 -0.395   10.8872 9.1130 7.1627
MIN 1000  0.000 -0.014 0.602 -0.793 -0.815   10.8299 9.0566 7.1044
MAX 1000  0.000 0.394 1.097 -0.157 -0.111   11.0490 9.2689 7.3100

