  # Samp Profile                         DE76    De94   DL
---------------------------------------------------------------
  1   1  0.424 0.000 0.186 0.036 0.008   8.9034 7.3463 5.3574
  2   1  -0.873 0.000 4.474 0.274 -0.399   13.3245 11.4485 9.4191
  3   1  -0.620 0.000 0.381 1.257 1.330   20.7752 19.3156 18.0706
  4   1  1.072 0.000 -2.690 0.398 1.068   9.1939 7.2786 4.8068
  5   1  0.140 0.000 -1.233 0.705 0.897   10.3719 8.8014 6.9730
  6   1  1.020 0.000 -2.585 0.168 0.610   10.5374 8.6969 6.4415
  7   1  0.424 0.000 0.006 0.099 0.114   8.6875 7.1192 5.1001
  8   1  0.029 0.000 -0.005 0.595 0.670   10.7300 9.2078 7.4395
  9   1  1.269 0.000 -2.871 0.478 1.225   9.3799 7.4217 4.9100
 10   1  0.547 0.000 -1.572 0.548 0.906   9.2432 7.5739 5.5027
---------------------------------------------------------------
AVG   1  0.343 0.000 -0.591 0.456 0.643   11.1147 9.4210 7.4021
MIN   1  -0.873 0.000 -2.871 0.036 -0.399   8.6875 7.1192 4.8068
MAX   1  1.269 0.000 4.474 1.257 1.330   20.7752 19.3156 18.0706

  # Samp Profile                         DE76    De94   DL
---------------------------------------------------------------
  1   3  1.064 0.000 -1.187 0.328 0.802   8.6228 6.9556 4.8140
  2   3  0.621 0.000 -0.996 0.364 0.661   8.6177 6.9819 4.8811
  3   3  1.671 0.000 -2.360 0.077 0.886   9.9716 8.1224 5.8057
  4   3  0.151 0.000 0.580 0.298 0.269   8.9622 7.3744 5.3446
  5   3  0.607 0.000 -0.317 -0.036 0.013   9.6474 8.0981 6.1947
  6   3  0.494 0.000 -0.806 0.267 0.433   8.4849 6.8680 4.7735
  7   3  1.433 0.000 -2.947 0.575 1.476   9.9515 8.0108 5.6146
  8   3  0.643 0.000 -1.354 0.324 0.632   8.5695 6.8954 4.7336
  9   3  0.761 0.000 -1.520 0.140 0.400   9.4497 7.7813 5.7084
 10   3  0.997 0.000 -2.178 0.367 0.909   8.9028 7.0923 4.7596
---------------------------------------------------------------
AVG   3  0.844 0.000 -1.309 0.271 0.648   9.1180 7.4180 5.2630
MIN   3  0.151 0.000 -2.947 -0.036 0.013   8.4849 6.8680 4.7336
MAX   3  1.671 0.000 0.580 0.575 1.476   9.9716 8.1224 6.1947

  # Samp Profile                         DE76    De94   DL
---------------------------------------------------------------
  1  10  0.655 0.000 -1.346 0.227 0.470   8.8087 7.1476 5.0253
  2  10  0.017 0.000 0.949 0.354 0.274   9.5904 8.0020 6.0322
  3  10  0.132 0.000 1.014 0.138 -0.010   8.7391 7.1377 5.0648
  4  10  0.365 0.000 0.340 0.068 0.024   8.7336 7.1675 5.1484
  5  10  0.802 0.000 -1.690 0.397 0.806   8.7078 6.9858 4.7745
  6  10  0.429 0.000 -0.329 0.191 0.267   8.5139 6.9274 4.8717
  7  10  0.394 0.000 -0.149 0.187 0.239   8.5016 6.9190 4.8641
  8  10  0.406 0.000 -0.003 0.121 0.138   8.6230 7.0511 5.0211
  9  10  0.476 0.000 -0.670 0.223 0.346   8.5261 6.9225 4.8494
 10  10  0.824 0.000 -1.791 0.173 0.491   9.4835 7.7732 5.6391
---------------------------------------------------------------
AVG  10  0.450 0.000 -0.368 0.208 0.305   8.8228 7.2034 5.1291
MIN  10  0.017 0.000 -1.791 0.068 -0.010   8.5016 6.9190 4.7745
MAX  10  0.824 0.000 1.014 0.397 0.806   9.5904 8.0020 6.0322

  # Samp Profile                         DE76    De94   DL
---------------------------------------------------------------
  1  30  0.434 0.000 -0.601 0.234 0.331   8.5032 6.9032 4.8316
  2  30  0.326 0.000 -0.016 0.235 0.275   8.5035 6.9183 4.8570
  3  30  0.338 0.000 -0.257 0.227 0.268   8.4781 6.8910 4.8288
  4  30  0.305 0.000 0.263 0.176 0.164   8.5364 6.9554 4.8993
  5  30  0.355 0.000 -0.328 0.251 0.312   8.4674 6.8764 4.8087
  6  30  0.413 0.000 -0.315 0.202 0.275   8.4964 6.9091 4.8501
  7  30  0.481 0.000 -0.303 0.132 0.207   8.6486 7.0703 5.0401
  8  30  0.574 0.000 -0.805 0.213 0.390   8.5666 6.9533 4.8729
  9  30  0.416 0.000 -0.478 0.254 0.359   8.4635 6.8661 4.7919
 10  30  0.551 0.000 -1.037 0.272 0.474   8.5344 6.8990 4.7854
---------------------------------------------------------------
AVG  30  0.419 0.000 -0.388 0.220 0.305   8.5198 6.9242 4.8566
MIN  30  0.305 0.000 -1.037 0.132 0.164   8.4635 6.8661 4.7854
MAX  30  0.574 0.000 0.263 0.272 0.474   8.6486 7.0703 5.0401

  # Samp Profile                         DE76    De94   DL
---------------------------------------------------------------
  1 100  0.457 0.000 -0.798 0.255 0.392   8.5046 6.8909 4.8026
  2 100  0.336 0.000 -0.213 0.281 0.355   8.5151 6.9252 4.8618
  3 100  0.444 0.000 -0.553 0.223 0.324   8.5034 6.9060 4.8374
  4 100  0.409 0.000 -0.569 0.287 0.409   8.4683 6.8649 4.7846
  5 100  0.445 0.000 -0.558 0.258 0.391   8.4635 6.8615 4.7822
  6 100  0.470 0.000 -0.756 0.270 0.421   8.4768 6.8635 4.7726
  7 100  0.425 0.000 -0.798 0.326 0.482   8.4902 6.8722 4.7780
  8 100  0.481 0.000 -0.893 0.286 0.450   8.4899 6.8665 4.7642
  9 100  0.468 0.000 -0.658 0.259 0.405   8.4698 6.8626 4.7782
 10 100  0.524 0.000 -1.088 0.300 0.505   8.5180 6.8767 4.7538
---------------------------------------------------------------
AVG 100  0.446 0.000 -0.688 0.275 0.413   8.4900 6.8790 4.7915
MIN 100  0.336 0.000 -1.088 0.223 0.324   8.4635 6.8615 4.7538
MAX 100  0.524 0.000 -0.213 0.326 0.505   8.5180 6.9252 4.8618

  # Samp Profile                         DE76    De94   DL
---------------------------------------------------------------
  1 300  0.504 0.000 -0.631 0.393 0.518   8.5978 6.9907 4.9209
  2 300  0.446 0.000 -0.623 0.254 0.378   8.4732 6.8691 4.7888
  3 300  0.370 0.000 -0.575 0.329 0.451   8.5168 6.9128 4.8373
  4 300  0.390 0.000 -0.295 0.245 0.333   8.4694 6.8785 4.8107
  5 300  0.439 0.000 -0.589 0.250 0.368   8.4725 6.8704 4.7924
  6 300  0.392 0.000 -0.400 0.257 0.349   8.4644 6.8699 4.7985
  7 300  0.565 0.000 -0.780 0.141 0.269   8.8641 7.2654 5.2354
  8 300  0.431 0.000 -0.540 0.262 0.385   8.4629 6.8618 4.7836
  9 300  0.456 0.000 -0.482 0.224 0.340   8.4794 6.8835 4.8133
 10 300  0.454 0.000 -0.495 0.217 0.327   8.4924 6.8970 4.8291
---------------------------------------------------------------
AVG 300  0.445 0.000 -0.541 0.257 0.372   8.5293 6.9299 4.8610
MIN 300  0.370 0.000 -0.780 0.141 0.269   8.4629 6.8618 4.7836
MAX 300  0.565 0.000 -0.295 0.393 0.518   8.8641 7.2654 5.2354

  # Samp Profile                         DE76    De94   DL
---------------------------------------------------------------
  1 1000  0.453 0.000 -0.643 0.269 0.411   8.4657 6.8589 4.7744
  2 1000  0.475 0.000 -0.573 0.217 0.340   8.5054 6.9065 4.8363
  3 1000  0.253 0.000 -0.396 0.242 0.367   8.4754 6.8808 4.8100
  4 1000  0.521 0.000 -0.482 0.176 0.315   8.5403 6.9477 4.8894
  5 1000  0.356 0.000 -0.306 0.283 0.371   8.4986 6.9059 4.8389
  6 1000  0.429 0.000 -0.614 0.267 0.389   8.4655 6.8611 4.7794
  7 1000  0.469 0.000 -0.430 0.170 0.257   8.5838 6.9970 4.9504
  8 1000  0.442 0.000 -0.621 0.270 0.405   8.4646 6.8591 4.7760
  9 1000  0.366 0.000 -0.338 0.278 0.370   8.4863 6.8927 4.8238
 10 1000  0.423 0.000 -0.383 0.211 0.294   8.4918 6.9017 4.8393
---------------------------------------------------------------
AVG 1000  0.419 0.000 -0.479 0.238 0.352   8.4978 6.9011 4.8318
MIN 1000  0.253 0.000 -0.643 0.170 0.257   8.4646 6.8589 4.7744
MAX 1000  0.521 0.000 -0.306 0.283 0.411   8.5838 6.9970 4.9504

