  # Samp Profile                         DE76    De94   DL
---------------------------------------------------------------
  1   1  -0.576 0.579 0.000 1.307 0.506   12.7743 10.3638 7.9010
  2   1  0.515 -0.002 0.000 -0.236 0.290   10.4213 7.9080 5.6184
  3   1  0.467 0.242 0.000 -0.088 0.154   10.5600 8.0230 5.7179
  4   1  0.658 -0.164 0.000 -0.493 0.302   10.4917 7.9867 5.7175
  5   1  0.252 0.211 0.000 0.223 0.269   10.5182 7.9936 5.6332
  6   1  -0.691 5.393 0.000 5.444 -4.302   21.7428 18.0634 11.9322
  7   1  0.949 -0.442 0.000 -0.759 0.108   11.1157 8.6343 6.4277
  8   1  1.678 -0.739 0.000 -1.607 -0.429   15.1696 12.8216 10.9197
  9   1  -0.911 0.033 0.000 1.992 0.909   15.9582 13.8516 11.8594
 10   1  -0.128 -0.142 0.000 0.612 0.636   11.8220 9.4843 7.3067
---------------------------------------------------------------
AVG   1  0.221 0.497 0.000 0.640 -0.156   13.0574 10.5131 7.9034
MIN   1  -0.911 -0.739 0.000 -1.607 -4.302   10.4213 7.9080 5.6184
MAX   1  1.678 5.393 0.000 5.444 0.909   21.7428 18.0634 11.9322

  # Samp Profile                         DE76    De94   DL
---------------------------------------------------------------
  1   3  0.692 0.179 0.000 -0.451 0.060   10.9551 8.4472 6.2526
  2   3  1.256 -0.881 0.000 -0.809 0.897   11.0945 8.5394 5.9826
  3   3  1.273 -1.597 0.000 -1.418 1.172   11.5894 8.9215 5.8819
  4   3  0.453 -0.023 0.000 0.038 0.111   10.4464 7.9246 5.6235
  5   3  1.189 -0.903 0.000 -0.897 0.108   11.6031 9.1134 6.8205
  6   3  1.243 -1.971 0.000 -1.982 2.001   12.9016 10.2178 6.9268
  7   3  0.599 -1.310 0.000 -1.368 1.289   11.8499 9.4340 6.9500
  8   3  0.663 -0.283 0.000 -0.239 0.790   10.4013 7.9188 5.6032
  9   3  1.923 -1.980 0.000 -1.897 2.481   13.3382 10.3712 6.4074
 10   3  0.827 -0.264 0.000 -0.868 0.238   10.8184 8.3252 6.0940
---------------------------------------------------------------
AVG   3  1.012 -0.903 0.000 -0.989 0.915   11.4998 8.9213 6.2543
MIN   3  0.453 -1.980 0.000 -1.982 0.060   10.4013 7.9188 5.6032
MAX   3  1.923 0.179 0.000 0.038 2.481   13.3382 10.3712 6.9500

  # Samp Profile                         DE76    De94   DL
---------------------------------------------------------------
  1  10  0.977 -0.623 0.000 -0.566 1.141   10.6324 8.1177 5.6408
  2  10  -0.229 0.366 0.000 1.007 0.422   11.6130 9.1564 6.7358
  3  10  0.239 0.050 0.000 0.113 0.370   10.5312 8.0389 5.7169
  4  10  0.309 0.631 0.000 0.398 0.018   10.8087 8.2139 5.7770
  5  10  0.536 -0.083 0.000 -0.081 0.577   10.3728 7.8802 5.5846
  6  10  0.661 -0.847 0.000 -1.006 1.030   10.8651 8.4013 5.9700
  7  10  0.678 -0.373 0.000 -0.270 0.479   10.3967 7.9002 5.5905
  8  10  0.364 -0.247 0.000 -0.399 0.540   10.4805 8.0173 5.7340
  9  10  0.703 -0.430 0.000 -0.331 0.585   10.4065 7.9127 5.5855
 10  10  0.249 0.149 0.000 0.206 0.298   10.5140 8.0003 5.6531
---------------------------------------------------------------
AVG  10  0.449 -0.141 0.000 -0.093 0.546   10.6621 8.1639 5.7988
MIN  10  -0.229 -0.847 0.000 -1.006 0.018   10.3728 7.8802 5.5846
MAX  10  0.977 0.631 0.000 1.007 1.141   11.6130 9.1564 6.7358

  # Samp Profile                         DE76    De94   DL
---------------------------------------------------------------
  1  30  0.640 -0.370 0.000 -0.380 0.451   10.3901 7.8944 5.5858
  2  30  0.549 -0.056 0.000 -0.124 0.305   10.4143 7.9036 5.6162
  3  30  0.493 -0.310 0.000 -0.293 0.391   10.3728 7.8845 5.5871
  4  30  0.865 -0.806 0.000 -0.939 0.414   10.6598 8.1427 5.7338
  5  30  0.335 -0.345 0.000 0.030 0.459   10.5474 8.0938 5.8185
  6  30  0.812 -0.384 0.000 -0.609 0.408   10.5772 8.0753 5.7802
  7  30  0.480 -0.324 0.000 -0.962 0.530   10.3946 7.9128 5.6042
  8  30  0.695 -1.064 0.000 -0.689 0.652   10.7141 8.2250 5.7673
  9  30  0.652 -0.398 0.000 -0.524 0.361   10.4183 7.9190 5.6135
 10  30  0.580 -0.206 0.000 -0.663 0.536   10.3755 7.8809 5.5790
---------------------------------------------------------------
AVG  30  0.610 -0.426 0.000 -0.515 0.451   10.4864 7.9932 5.6686
MIN  30  0.335 -1.064 0.000 -0.962 0.305   10.3728 7.8809 5.5790
MAX  30  0.865 -0.056 0.000 0.030 0.652   10.7141 8.2250 5.8185

  # Samp Profile                         DE76    De94   DL
---------------------------------------------------------------
  1 100  0.324 -0.040 0.000 -0.031 0.375   10.4459 7.9539 5.6478
  2 100  0.408 -0.137 0.000 -0.180 0.564   10.4383 7.9631 5.6736
  3 100  0.653 -0.227 0.000 -0.588 0.461   10.4158 7.9153 5.6201
  4 100  0.655 -0.329 0.000 -0.278 0.223   10.4576 7.9543 5.6741
  5 100  0.543 -0.340 0.000 -0.544 0.407   10.3736 7.8816 5.5780
  6 100  0.521 -0.331 0.000 -0.583 0.377   10.3715 7.8793 5.5776
  7 100  0.499 -0.180 0.000 -0.331 0.342   10.3714 7.8720 5.5780
  8 100  0.533 -0.288 0.000 -0.654 0.502   10.3755 7.8867 5.5821
  9 100  0.285 -0.048 0.000 0.013 0.345   10.4751 7.9855 5.6771
 10 100  0.550 -0.457 0.000 -0.320 0.416   10.3853 7.8998 5.5908
---------------------------------------------------------------
AVG 100  0.497 -0.238 0.000 -0.349 0.401   10.4110 7.9192 5.6199
MIN 100  0.285 -0.457 0.000 -0.654 0.223   10.3714 7.8720 5.5776
MAX 100  0.655 -0.040 0.000 0.013 0.564   10.4751 7.9855 5.6771

  # Samp Profile                         DE76    De94   DL
---------------------------------------------------------------
  1 300  0.432 -0.322 0.000 -0.133 0.367   10.3978 7.9165 5.6232
  2 300  0.539 -0.285 0.000 -0.382 0.399   10.3690 7.8753 5.5768
  3 300  0.453 -0.199 0.000 -0.319 0.401   10.3752 7.8846 5.5891
  4 300  0.547 -0.161 0.000 -0.325 0.350   10.3836 7.8811 5.5905
  5 300  0.475 -0.254 0.000 -0.152 0.266   10.3702 7.8724 5.5773
  6 300  0.651 -0.455 0.000 -0.694 0.408   10.4199 7.9220 5.6012
  7 300  0.404 -0.307 0.000 -0.198 0.561   10.4889 8.0284 5.7454
  8 300  0.672 -0.268 0.000 -0.455 0.539   10.3982 7.9006 5.5955
  9 300  0.536 -0.177 0.000 -0.117 0.341   10.3763 7.8745 5.5817
 10 300  0.605 -0.374 0.000 -0.366 0.310   10.3934 7.8949 5.5962
---------------------------------------------------------------
AVG 300  0.531 -0.280 0.000 -0.314 0.394   10.3973 7.9050 5.6077
MIN 300  0.404 -0.455 0.000 -0.694 0.266   10.3690 7.8724 5.5768
MAX 300  0.672 -0.161 0.000 -0.117 0.561   10.4889 8.0284 5.7454

  # Samp Profile                         DE76    De94   DL
---------------------------------------------------------------
  1 1000  0.346 -0.120 0.000 0.014 0.370   10.4375 7.9504 5.6507
  2 1000  0.578 -0.216 0.000 -0.471 0.407   10.3822 7.8831 5.5889
  3 1000  0.450 -0.124 0.000 -0.235 0.371   10.3760 7.8783 5.5815
  4 1000  0.586 -0.179 0.000 -0.307 0.248   10.4314 7.9247 5.6451
  5 1000  0.491 -0.314 0.000 -0.231 0.508   10.3992 7.9206 5.6243
  6 1000  0.544 -0.061 0.000 -0.408 0.320   10.4148 7.9063 5.6218
  7 1000  0.458 -0.185 0.000 -0.276 0.286   10.3729 7.8730 5.5777
  8 1000  0.548 -0.141 0.000 -0.248 0.401   10.3764 7.8752 5.5828
  9 1000  0.518 -0.476 0.000 -0.332 0.433   10.4010 7.9214 5.6141
 10 1000  0.409 -0.317 0.000 -0.493 0.529   10.4497 7.9828 5.6928
---------------------------------------------------------------
AVG 1000  0.493 -0.213 0.000 -0.299 0.387   10.4041 7.9116 5.6180
MIN 1000  0.346 -0.476 0.000 -0.493 0.248   10.3729 7.8730 5.5777
MAX 1000  0.586 -0.061 0.000 0.014 0.529   10.4497 7.9828 5.6928

