-128	0			  	0
-123	0			  	0
-118	0			  	0
-113	0			  	0
-108	1.80005561982386e-06	  	0
-103	2.17901469768151e-06	  	1.13963529619178e-07
-98 	2.86114103782529e-06	  	7.97744707334248e-07
-93 	1.15393039207656e-05	  	7.97744707334248e-07
-88 	2.48976114152479e-05	  	1.69045902268448e-06
-83 	2.85735144704671e-05	  	6.78083001234111e-06
-78 	4.94162637526381e-05	  	5.90710961859408e-06
-73 	0.000111016061858400	  	8.85116746708952e-06
-68 	0.000260723845566066	  	2.37803898472019e-05
-63 	0.000724418173232692	  	0.000207166702926063
-58 	0.00109361905483551	  	0.000365196130664657
-53 	0.00378242845200503	  	0.000314273426846487
-48 	0.00608343007684892	  	0.000969753661372795
-43 	0.00739906230744734	  	0.00305691973066163
-38 	0.00919682522485016	  	0.00666468218173757
-33 	0.0117541547699570	  	0.0105406388058506
-28 	0.0170666304988123	  	0.0141095017054832
-23 	0.0228353919053621	  	0.0167324673092766
-18 	0.0334632045041105	  	0.0264687135352319
-13 	0.0532409271938704	  	0.0425572489143169
-8  	0.0824031735397432	  	0.0783548460388803
-3  	0.190328066200058	  	0.188932652150524
2   	0.142444786657124	  	0.161384058196464
7   	0.0991583186245104	  	0.127482263381037
12  	0.0745880141648082	  	0.0946291609651663
17  	0.0586662569361117	  	0.0687680060002558
22  	0.0450829235411975	  	0.0483187321359793
27  	0.0342512878024233	  	0.0340983059283334
32  	0.0275693108100521	  	0.0255140030597688
37  	0.0222844233020649	  	0.0180065795704190
42  	0.0166312444142616	  	0.0118129086565975
47  	0.0118893673689366	  	0.00689167853881736
52  	0.00832728467275188	  	0.00416565191640502
57  	0.00610732344670785	  	0.00250993277633278
62  	0.00428312813362446	  	0.00193770290019329
67  	0.00325969230000818	  	0.00163727604219553
72  	0.00240875863863271	  	0.00133734302615945
77  	0.00200277977852381	  	0.000951595472320139
82  	0.000900539404667036	  	0.000672650739655597
87  	0.000261538607583460	  	0.000343695011409839
92  	1.86826825383823e-05	  	0.000215675979804295
97  	0			  	0
102 	0			  	0
107 	0			  	0
112 	0			  	0
117 	0			  	0
122 	0			  	0
127 	0                         	0






















































