-128 	0			       	0
-123 	0			       	0
-118 	0			       	0
-113 	0			       	0
-108 	0			       	0
-103 	0			       	0
-98  	0			       	0
-93  	0			       	0
-88  	1.14566537600461e-07	       	3.83548735581732e-08
-83  	2.74959690241106e-06	       	3.64371298802645e-07
-78  	9.92909992537327e-06	       	3.43276118345650e-06
-73  	1.99536719654136e-05	       	8.72573373448440e-06
-68  	1.87698177435422e-05	       	1.89089526641794e-05
-63  	0.000117717117384473	       	4.82120760626237e-05
-58  	0.000333465002109075	       	9.60214259528865e-05
-53  	0.000545985929357929	       	0.000182358246332334
-48  	0.000813269661579804	       	0.000242556220381887
-43  	0.00144519958856101	       	0.000320953581934793
-38  	0.00306035863565231	       	0.00130650123544883
-33  	0.00738940801426919	       	0.00369046757889386
-28  	0.0110139877531808	       	0.00848674451734342
-23  	0.0174336473099309	       	0.0167534854799572
-18  	0.0256846147813785	       	0.0267586802640319
-13  	0.0410174554913298	       	0.0384199234237278
-8   	0.0889572885064004	       	0.0932106082216126
-3   	0.367883195901543	       	0.371301794325366
2    	0.223523687481351	       	0.251861496255836
7    	0.0869534433860767	       	0.0824652027327387
12   	0.0448494961354129	       	0.0399708410909261
17   	0.0242111363524531	       	0.0204754615874791
22   	0.0145284308606126	       	0.0128569755203088
27   	0.00996129312243900	       	0.00807003799357065
32   	0.00707417818606152	       	0.00532670566232231
37   	0.00540217504189746	       	0.00432713930252276
42   	0.00382220701627244	       	0.00396683362031728
47   	0.00320335676900062	       	0.00334473674864049
52   	0.00284004718384662	       	0.00287189786741533
57   	0.00273703277212087	       	0.00197857450737192
62   	0.00208703952104466	       	0.00107307347497379
67   	0.00163075919062789	       	0.000390164951270517
72   	0.000885866657572630	       	0.000137233737591144
77   	0.000456089386187434	       	3.27934168922381e-05
82   	7.67404857693753e-05	       	1.05475902284976e-06
87   	8.97437877870276e-06	       	0
92   	9.35626723737097e-07	       	0
97   	0			       	0
102  	0			       	0
107  	0			       	0
112  	0			       	0
117  	0			       	0
122  	0			       	0
127  	0                              	0






















































