  # Samp Profile                         DE76    De94   DL
---------------------------------------------------------------
  1   1  0.000 0.000 0.000 1.000 0.000   9.0721 7.4947 5.4934
  2   1  0.000 0.000 0.000 0.000 1.000   10.4101 8.8788 7.0745
  3   1  0.000 0.000 1.000 0.000 0.000   8.7285 7.1302 5.0595
  4   1  0.000 0.000 1.000 0.000 0.000   8.7285 7.1302 5.0595
  5   1  0.000 0.000 0.000 1.000 0.000   9.0721 7.4947 5.4934
  6   1  1.000 0.000 0.000 0.000 0.000   9.5787 8.0368 6.1316
  7   1  0.000 0.000 0.000 1.000 0.000   9.0721 7.4947 5.4934
  8   1  0.000 0.000 0.000 0.000 1.000   10.4101 8.8788 7.0745
  9   1  0.000 0.000 0.000 0.000 1.000   10.4101 8.8788 7.0745
 10   1  1.000 0.000 0.000 0.000 0.000   9.5787 8.0368 6.1316
---------------------------------------------------------------
AVG   1  0.200 0.000 0.200 0.300 0.300   9.5061 7.9455 6.0086
MIN   1  0.000 0.000 0.000 0.000 0.000   8.7285 7.1302 5.0595
MAX   1  1.000 0.000 1.000 1.000 1.000   10.4101 8.8788 7.0745

  # Samp Profile                         DE76    De94   DL
---------------------------------------------------------------
  1   3  0.000 0.000 0.333 0.000 0.667   9.3895 7.8205 5.8624
  2   3  0.000 0.000 0.333 0.667 0.000   8.8124 7.2248 5.1823
  3   3  0.333 0.000 0.000 0.667 0.000   8.5283 6.9439 4.8840
  4   3  0.000 0.000 0.000 0.667 0.333   9.4297 7.8643 5.9179
  5   3  0.333 0.000 0.333 0.333 0.000   8.5708 6.9918 4.9401
  6   3  0.333 0.000 0.000 0.333 0.333   8.6243 7.0383 4.9873
  7   3  0.000 0.000 0.333 0.000 0.667   9.3895 7.8205 5.8624
  8   3  0.333 0.000 0.000 0.667 0.000   8.5283 6.9439 4.8840
  9   3  0.000 0.000 0.000 0.000 1.000   10.4101 8.8788 7.0745
 10   3  0.333 0.000 0.000 0.333 0.333   8.6243 7.0383 4.9873
---------------------------------------------------------------
AVG   3  0.167 0.000 0.133 0.367 0.333   9.0307 7.4565 5.4582
MIN   3  0.000 0.000 0.000 0.000 0.000   8.5283 6.9439 4.8840
MAX   3  0.333 0.000 0.333 0.667 1.000   10.4101 8.8788 7.0745

  # Samp Profile                         DE76    De94   DL
---------------------------------------------------------------
  1  10  0.200 0.000 0.500 0.200 0.100   8.5935 7.0077 4.9470
  2  10  0.200 0.000 0.200 0.500 0.100   8.6233 7.0376 4.9830
  3  10  0.500 0.000 0.100 0.400 0.000   8.5725 6.9980 4.9565
  4  10  0.100 0.000 0.300 0.300 0.300   8.8262 7.2418 5.2064
  5  10  0.200 0.000 0.100 0.300 0.400   8.8333 7.2511 5.2222
  6  10  0.200 0.000 0.600 0.000 0.200   8.6037 7.0172 4.9560
  7  10  0.200 0.000 0.300 0.200 0.300   8.6625 7.0767 5.0253
  8  10  0.400 0.000 0.200 0.300 0.100   8.5322 6.9524 4.8982
  9  10  0.200 0.000 0.200 0.500 0.100   8.6233 7.0376 4.9830
 10  10  0.100 0.000 0.100 0.600 0.200   8.9031 7.3218 5.2993
---------------------------------------------------------------
AVG  10  0.230 0.000 0.260 0.330 0.180   8.6774 7.0942 5.0477
MIN  10  0.100 0.000 0.100 0.000 0.000   8.5322 6.9524 4.8982
MAX  10  0.500 0.000 0.600 0.600 0.400   8.9031 7.3218 5.2993

  # Samp Profile                         DE76    De94   DL
---------------------------------------------------------------
  1  30  0.300 0.000 0.267 0.267 0.167   8.5494 6.9655 4.9062
  2  30  0.267 0.000 0.133 0.433 0.167   8.5924 7.0071 4.9514
  3  30  0.167 0.000 0.167 0.367 0.300   8.7850 7.2014 5.1650
  4  30  0.233 0.000 0.167 0.367 0.233   8.6436 7.0583 5.0070
  5  30  0.167 0.000 0.233 0.333 0.267   8.7264 7.1414 5.0970
  6  30  0.167 0.000 0.233 0.400 0.200   8.6935 7.1080 5.0597
  7  30  0.200 0.000 0.400 0.167 0.233   8.6135 7.0270 4.9689
  8  30  0.233 0.000 0.133 0.300 0.333   8.7067 7.1221 5.0783
  9  30  0.200 0.000 0.233 0.367 0.200   8.6479 7.0623 5.0100
 10  30  0.367 0.000 0.167 0.233 0.233   8.5280 6.9442 4.8846
---------------------------------------------------------------
AVG  30  0.230 0.000 0.213 0.323 0.233   8.6486 7.0637 5.0128
MIN  30  0.167 0.000 0.133 0.167 0.167   8.5280 6.9442 4.8846
MAX  30  0.367 0.000 0.400 0.433 0.333   8.7850 7.2014 5.1650

  # Samp Profile                         DE76    De94   DL
---------------------------------------------------------------
  1 100  0.220 0.000 0.220 0.360 0.200   8.6283 7.0427 4.9890
  2 100  0.240 0.000 0.220 0.300 0.240   8.6191 7.0336 4.9794
  3 100  0.200 0.000 0.300 0.300 0.200   8.6269 7.0409 4.9854
  4 100  0.270 0.000 0.200 0.310 0.220   8.5873 7.0021 4.9455
  5 100  0.220 0.000 0.190 0.410 0.180   8.6311 7.0456 4.9925
  6 100  0.280 0.000 0.140 0.360 0.220   8.5932 7.0079 4.9524
  7 100  0.210 0.000 0.240 0.320 0.230   8.6445 7.0589 5.0064
  8 100  0.190 0.000 0.220 0.370 0.220   8.6748 7.0893 5.0398
  9 100  0.210 0.000 0.250 0.280 0.260   8.6524 7.0669 5.0152
 10 100  0.150 0.000 0.250 0.370 0.230   8.7258 7.1405 5.0952
---------------------------------------------------------------
AVG 100  0.219 0.000 0.223 0.338 0.220   8.6383 7.0528 5.0001
MIN 100  0.150 0.000 0.140 0.280 0.180   8.5873 7.0021 4.9455
MAX 100  0.280 0.000 0.300 0.410 0.260   8.7258 7.1405 5.0952

  # Samp Profile                         DE76    De94   DL
---------------------------------------------------------------
  1 300  0.263 0.000 0.197 0.287 0.253   8.6048 7.0195 4.9645
  2 300  0.253 0.000 0.223 0.293 0.230   8.6007 7.0153 4.9594
  3 300  0.273 0.000 0.230 0.277 0.220   8.5780 6.9929 4.9352
  4 300  0.243 0.000 0.183 0.340 0.233   8.6249 7.0395 4.9864
  5 300  0.267 0.000 0.220 0.340 0.173   8.5749 6.9898 4.9318
  6 300  0.257 0.000 0.203 0.353 0.187   8.5901 7.0049 4.9482
  7 300  0.220 0.000 0.250 0.313 0.217   8.6246 7.0389 4.9845
  8 300  0.230 0.000 0.217 0.330 0.223   8.6259 7.0404 4.9867
  9 300  0.210 0.000 0.243 0.323 0.223   8.6408 7.0552 5.0023
 10 300  0.230 0.000 0.227 0.343 0.200   8.6150 7.0294 4.9745
---------------------------------------------------------------
AVG 300  0.245 0.000 0.219 0.320 0.216   8.6080 7.0226 4.9673
MIN 300  0.210 0.000 0.183 0.277 0.173   8.5749 6.9898 4.9318
MAX 300  0.273 0.000 0.250 0.353 0.253   8.6408 7.0552 5.0023

  # Samp Profile                         DE76    De94   DL
---------------------------------------------------------------
  1 1000  0.240 0.000 0.225 0.327 0.208   8.6073 7.0219 4.9664
  2 1000  0.251 0.000 0.217 0.309 0.223   8.6026 7.0172 4.9616
  3 1000  0.241 0.000 0.202 0.331 0.226   8.6188 7.0334 4.9794
  4 1000  0.243 0.000 0.222 0.314 0.221   8.6090 7.0236 4.9683
  5 1000  0.219 0.000 0.231 0.320 0.230   8.6365 7.0510 4.9980
  6 1000  0.252 0.000 0.237 0.292 0.219   8.5955 7.0101 4.9536
  7 1000  0.226 0.000 0.214 0.319 0.241   8.6380 7.0526 5.0002
  8 1000  0.226 0.000 0.227 0.311 0.236   8.6317 7.0462 4.9929
  9 1000  0.201 0.000 0.228 0.326 0.245   8.6670 7.0815 5.0314
 10 1000  0.241 0.000 0.195 0.340 0.224   8.6204 7.0350 4.9812
---------------------------------------------------------------
AVG 1000  0.234 0.000 0.220 0.319 0.227   8.6227 7.0372 4.9833
MIN 1000  0.201 0.000 0.195 0.292 0.208   8.5955 7.0101 4.9536
MAX 1000  0.252 0.000 0.237 0.340 0.245   8.6670 7.0815 5.0314

