  # Samp Profile                         DE76    De94   DL
---------------------------------------------------------------
  1   1  0.000 1.000 0.000 0.000 0.000   11.3916 9.0931 6.5902
  2   1  0.000 0.000 1.000 0.000 0.000   10.8584 8.8449 6.6588
  3   1  0.000 0.000 0.000 1.000 0.000   10.2932 8.1720 5.7071
  4   1  0.000 1.000 0.000 0.000 0.000   11.3916 9.0931 6.5902
  5   1  0.000 0.000 1.000 0.000 0.000   10.8584 8.8449 6.6588
  6   1  0.000 0.000 0.000 1.000 0.000   10.2932 8.1720 5.7071
  7   1  0.000 0.000 0.000 1.000 0.000   10.2932 8.1720 5.7071
  8   1  0.000 0.000 1.000 0.000 0.000   10.8584 8.8449 6.6588
  9   1  0.000 1.000 0.000 0.000 0.000   11.3916 9.0931 6.5902
 10   1  0.000 0.000 0.000 1.000 0.000   10.2932 8.1720 5.7071
---------------------------------------------------------------
AVG   1  0.000 0.300 0.300 0.400 0.000   10.7923 8.6502 6.2575
MIN   1  0.000 0.000 0.000 0.000 0.000   10.2932 8.1720 5.7071
MAX   1  0.000 1.000 1.000 1.000 0.000   11.3916 9.0931 6.6588

  # Samp Profile                         DE76    De94   DL
---------------------------------------------------------------
  1   3  0.000 0.333 0.333 0.333 0.000   10.6278 8.4979 6.1282
  2   3  0.000 0.000 0.333 0.667 0.000   10.3468 8.2647 5.9032
  3   3  0.000 0.000 0.667 0.333 0.000   10.5255 8.4798 6.2107
  4   3  0.000 0.000 0.667 0.333 0.000   10.5255 8.4798 6.2107
  5   3  0.333 0.333 0.333 0.000 0.000   11.4066 9.3206 7.1678
  6   3  0.000 0.667 0.333 0.000 0.000   11.0361 8.8535 6.4862
  7   3  0.000 0.667 0.333 0.000 0.000   11.0361 8.8535 6.4862
  8   3  0.333 0.333 0.000 0.333 0.000   11.0762 8.9349 6.6427
  9   3  0.000 0.333 0.333 0.333 0.000   10.6278 8.4979 6.1282
 10   3  0.000 0.333 0.667 0.000 0.000   10.8352 8.7543 6.5013
---------------------------------------------------------------
AVG   3  0.067 0.300 0.400 0.233 0.000   10.8044 8.6937 6.3865
MIN   3  0.000 0.000 0.000 0.000 0.000   10.3468 8.2647 5.9032
MAX   3  0.333 0.667 0.667 0.667 0.000   11.4066 9.3206 7.1678

  # Samp Profile                         DE76    De94   DL
---------------------------------------------------------------
  1  10  0.200 0.500 0.100 0.200 0.000   11.0813 8.9127 6.5785
  2  10  0.200 0.100 0.200 0.500 0.000   10.6517 8.5574 6.2500
  3  10  0.100 0.400 0.200 0.300 0.000   10.8079 8.6586 6.2978
  4  10  0.100 0.300 0.300 0.300 0.000   10.7432 8.6245 6.2996
  5  10  0.000 0.300 0.500 0.200 0.000   10.6780 8.5773 6.2659
  6  10  0.100 0.300 0.400 0.200 0.000   10.8076 8.7040 6.4149
  7  10  0.100 0.200 0.400 0.300 0.000   10.6970 8.6065 6.3141
  8  10  0.000 0.300 0.100 0.600 0.000   10.5269 8.3681 5.9146
  9  10  0.200 0.500 0.200 0.100 0.000   11.1497 8.9984 6.7056
 10  10  0.200 0.300 0.400 0.100 0.000   11.0415 8.9513 6.7246
---------------------------------------------------------------
AVG  10  0.120 0.320 0.280 0.280 0.000   10.8185 8.6959 6.3766
MIN  10  0.000 0.100 0.100 0.100 0.000   10.5269 8.3681 5.9146
MAX  10  0.200 0.500 0.500 0.600 0.000   11.1497 8.9984 6.7246

  # Samp Profile                         DE76    De94   DL
---------------------------------------------------------------
  1  30  0.100 0.267 0.267 0.367 0.000   10.6876 8.5688 6.2314
  2  30  0.167 0.333 0.200 0.300 0.000   10.8514 8.7205 6.3991
  3  30  0.100 0.233 0.267 0.400 0.000   10.6521 8.5381 6.2004
  4  30  0.100 0.233 0.367 0.300 0.000   10.7103 8.6108 6.3079
  5  30  0.133 0.433 0.200 0.233 0.000   10.9122 8.7619 6.4222
  6  30  0.167 0.267 0.133 0.433 0.000   10.7347 8.6033 6.2560
  7  30  0.167 0.233 0.300 0.300 0.000   10.7978 8.6964 6.4085
  8  30  0.067 0.300 0.167 0.467 0.000   10.6270 8.4845 6.0919
  9  30  0.133 0.333 0.200 0.333 0.000   10.7877 8.6527 6.3112
 10  30  0.100 0.233 0.333 0.333 0.000   10.6895 8.5851 6.2707
---------------------------------------------------------------
AVG  30  0.123 0.287 0.243 0.347 0.000   10.7450 8.6222 6.2899
MIN  30  0.067 0.233 0.133 0.233 0.000   10.6270 8.4845 6.0919
MAX  30  0.167 0.433 0.367 0.467 0.000   10.9122 8.7619 6.4222

  # Samp Profile                         DE76    De94   DL
---------------------------------------------------------------
  1 100  0.080 0.310 0.180 0.430 0.000   10.6624 8.5217 6.1415
  2 100  0.090 0.220 0.320 0.370 0.000   10.6500 8.5444 6.2195
  3 100  0.130 0.300 0.230 0.340 0.000   10.7588 8.6330 6.3001
  4 100  0.110 0.300 0.210 0.380 0.000   10.7130 8.5818 6.2298
  5 100  0.130 0.280 0.230 0.360 0.000   10.7358 8.6130 6.2798
  6 100  0.090 0.220 0.290 0.400 0.000   10.6337 8.5238 6.1887
  7 100  0.050 0.300 0.310 0.340 0.000   10.6611 8.5382 6.1882
  8 100  0.060 0.280 0.300 0.360 0.000   10.6514 8.5311 6.1831
  9 100  0.150 0.290 0.280 0.280 0.000   10.8163 8.7021 6.3990
 10 100  0.100 0.300 0.260 0.340 0.000   10.7210 8.5963 6.2568
---------------------------------------------------------------
AVG 100  0.099 0.280 0.261 0.360 0.000   10.7004 8.5785 6.2387
MIN 100  0.050 0.220 0.180 0.280 0.000   10.6337 8.5217 6.1415
MAX 100  0.150 0.310 0.320 0.430 0.000   10.8163 8.7021 6.3990

  # Samp Profile                         DE76    De94   DL
---------------------------------------------------------------
  1 300  0.103 0.280 0.277 0.340 0.000   10.7136 8.5947 6.2629
  2 300  0.093 0.277 0.237 0.393 0.000   10.6721 8.5466 6.1947
  3 300  0.130 0.253 0.260 0.357 0.000   10.7228 8.6084 6.2855
  4 300  0.120 0.307 0.217 0.357 0.000   10.7413 8.6113 6.2677
  5 300  0.123 0.287 0.263 0.327 0.000   10.7501 8.6305 6.3056
  6 300  0.113 0.293 0.253 0.340 0.000   10.7337 8.6105 6.2763
  7 300  0.133 0.280 0.233 0.353 0.000   10.7438 8.6218 6.2918
  8 300  0.130 0.313 0.230 0.327 0.000   10.7744 8.6466 6.3139
  9 300  0.130 0.300 0.270 0.300 0.000   10.7821 8.6625 6.3442
 10 300  0.147 0.293 0.203 0.357 0.000   10.7669 8.6400 6.3070
---------------------------------------------------------------
AVG 300  0.122 0.288 0.244 0.345 0.000   10.7401 8.6173 6.2850
MIN 300  0.093 0.253 0.203 0.300 0.000   10.6721 8.5466 6.1947
MAX 300  0.147 0.313 0.277 0.393 0.000   10.7821 8.6625 6.3442

  # Samp Profile                         DE76    De94   DL
---------------------------------------------------------------
  1 1000  0.128 0.257 0.280 0.335 0.000   10.7351 8.6229 6.3061
  2 1000  0.089 0.278 0.277 0.356 0.000   10.6864 8.5662 6.2263
  3 1000  0.113 0.286 0.260 0.341 0.000   10.7285 8.6073 6.2752
  4 1000  0.127 0.274 0.240 0.359 0.000   10.7291 8.6083 6.2769
  5 1000  0.125 0.289 0.256 0.330 0.000   10.7516 8.6308 6.3043
  6 1000  0.116 0.271 0.253 0.360 0.000   10.7132 8.5935 6.2604
  7 1000  0.103 0.289 0.254 0.354 0.000   10.7108 8.5871 6.2471
  8 1000  0.116 0.275 0.274 0.335 0.000   10.7295 8.6124 6.2868
  9 1000  0.121 0.269 0.253 0.357 0.000   10.7199 8.6011 6.2709
 10 1000  0.116 0.278 0.256 0.350 0.000   10.7227 8.6024 6.2705
---------------------------------------------------------------
AVG 1000  0.115 0.277 0.260 0.348 0.000   10.7227 8.6032 6.2725
MIN 1000  0.089 0.257 0.240 0.330 0.000   10.6864 8.5662 6.2263
MAX 1000  0.128 0.289 0.280 0.360 0.000   10.7516 8.6308 6.3061

