  # Samp Profile                         DE76    De94   DL
---------------------------------------------------------------
  1   1  0.000 0.000 0.000 0.000 1.000   10.8879 9.2747 7.3779
  2   1  1.000 0.000 0.000 0.000 0.000   11.8963 10.2969 8.5414
  3   1  0.000 1.000 0.000 0.000 0.000   10.4660 8.8179 6.8604
  4   1  0.000 0.000 0.000 0.000 1.000   10.8879 9.2747 7.3779
  5   1  0.000 0.000 0.000 0.000 1.000   10.8879 9.2747 7.3779
  6   1  0.000 1.000 0.000 0.000 0.000   10.4660 8.8179 6.8604
  7   1  0.000 1.000 0.000 0.000 0.000   10.4660 8.8179 6.8604
  8   1  0.000 0.000 0.000 0.000 1.000   10.8879 9.2747 7.3779
  9   1  0.000 1.000 0.000 0.000 0.000   10.4660 8.8179 6.8604
 10   1  0.000 1.000 0.000 0.000 0.000   10.4660 8.8179 6.8604
---------------------------------------------------------------
AVG   1  0.100 0.500 0.000 0.000 0.400   10.7778 9.1485 7.2355
MIN   1  0.000 0.000 0.000 0.000 0.000   10.4660 8.8179 6.8604
MAX   1  1.000 1.000 0.000 0.000 1.000   11.8963 10.2969 8.5414

  # Samp Profile                         DE76    De94   DL
---------------------------------------------------------------
  1   3  0.000 0.667 0.000 0.000 0.333   10.1947 8.5728 6.6401
  2   3  0.000 0.333 0.000 0.000 0.667   10.3246 8.7178 6.8249
  3   3  0.000 0.333 0.000 0.000 0.667   10.3246 8.7178 6.8249
  4   3  0.333 0.333 0.000 0.000 0.333   10.1029 8.5043 6.6297
  5   3  0.000 0.667 0.000 0.000 0.333   10.1947 8.5728 6.6401
  6   3  0.000 0.667 0.000 0.000 0.333   10.1947 8.5728 6.6401
  7   3  0.000 0.333 0.000 0.000 0.667   10.3246 8.7178 6.8249
  8   3  0.333 0.000 0.000 0.000 0.667   10.0756 8.4614 6.5402
  9   3  0.000 0.000 0.667 0.000 0.333   10.1032 8.4748 6.5154
 10   3  0.000 0.667 0.333 0.000 0.000   10.2107 8.6022 6.7199
---------------------------------------------------------------
AVG   3  0.067 0.400 0.100 0.000 0.433   10.2050 8.5914 6.6800
MIN   3  0.000 0.000 0.000 0.000 0.000   10.0756 8.4614 6.5154
MAX   3  0.333 0.667 0.667 0.000 0.667   10.3246 8.7178 6.8249

  # Samp Profile                         DE76    De94   DL
---------------------------------------------------------------
  1  10  0.200 0.200 0.100 0.000 0.500   10.0521 8.4457 6.5444
  2  10  0.200 0.400 0.200 0.000 0.200   10.1163 8.5184 6.6472
  3  10  0.300 0.200 0.300 0.000 0.200   10.1601 8.5679 6.7041
  4  10  0.000 0.200 0.300 0.000 0.500   10.1371 8.5259 6.6162
  5  10  0.200 0.300 0.100 0.000 0.400   10.0492 8.4458 6.5530
  6  10  0.300 0.100 0.200 0.000 0.400   10.0517 8.4485 6.5504
  7  10  0.000 0.700 0.100 0.000 0.200   10.1882 8.5672 6.6422
  8  10  0.300 0.400 0.200 0.000 0.100   10.2655 8.6748 6.8384
  9  10  0.200 0.200 0.400 0.000 0.200   10.1011 8.5044 6.6251
 10  10  0.400 0.100 0.200 0.000 0.300   10.1552 8.5606 6.6869
---------------------------------------------------------------
AVG  10  0.210 0.280 0.210 0.000 0.300   10.1277 8.5259 6.6408
MIN  10  0.000 0.100 0.100 0.000 0.100   10.0492 8.4457 6.5444
MAX  10  0.400 0.700 0.400 0.000 0.500   10.2655 8.6748 6.8384

  # Samp Profile                         DE76    De94   DL
---------------------------------------------------------------
  1  30  0.133 0.333 0.200 0.000 0.333   10.0498 8.4468 6.5549
  2  30  0.167 0.400 0.167 0.000 0.267   10.0795 8.4780 6.5937
  3  30  0.100 0.400 0.133 0.000 0.367   10.0722 8.4660 6.5682
  4  30  0.267 0.167 0.233 0.000 0.333   10.0598 8.4601 6.5721
  5  30  0.167 0.400 0.100 0.000 0.333   10.0720 8.4679 6.5759
  6  30  0.200 0.333 0.200 0.000 0.267   10.0735 8.4746 6.5951
  7  30  0.033 0.400 0.233 0.000 0.333   10.0689 8.4629 6.5651
  8  30  0.200 0.333 0.167 0.000 0.300   10.0643 8.4641 6.5806
  9  30  0.000 0.400 0.167 0.000 0.433   10.1231 8.5149 6.6134
 10  30  0.067 0.433 0.200 0.000 0.300   10.0718 8.4662 6.5702
---------------------------------------------------------------
AVG  30  0.133 0.360 0.180 0.000 0.327   10.0735 8.4702 6.5789
MIN  30  0.000 0.167 0.100 0.000 0.267   10.0498 8.4468 6.5549
MAX  30  0.267 0.433 0.233 0.000 0.433   10.1231 8.5149 6.6134

  # Samp Profile                         DE76    De94   DL
---------------------------------------------------------------
  1 100  0.160 0.330 0.180 0.000 0.330   10.0516 8.4494 6.5596
  2 100  0.210 0.300 0.130 0.000 0.360   10.0504 8.4487 6.5600
  3 100  0.130 0.390 0.160 0.000 0.320   10.0640 8.4601 6.5678
  4 100  0.280 0.270 0.130 0.000 0.320   10.0730 8.4752 6.5968
  5 100  0.100 0.390 0.200 0.000 0.310   10.0609 8.4568 6.5637
  6 100  0.110 0.350 0.240 0.000 0.300   10.0511 8.4485 6.5578
  7 100  0.270 0.290 0.190 0.000 0.250   10.1046 8.5093 6.6396
  8 100  0.210 0.220 0.200 0.000 0.370   10.0392 8.4370 6.5445
  9 100  0.170 0.380 0.160 0.000 0.290   10.0701 8.4684 6.5824
 10 100  0.190 0.410 0.180 0.000 0.220   10.1056 8.5061 6.6302
---------------------------------------------------------------
AVG 100  0.183 0.333 0.177 0.000 0.307   10.0671 8.4659 6.5802
MIN 100  0.100 0.220 0.130 0.000 0.220   10.0392 8.4370 6.5445
MAX 100  0.280 0.410 0.240 0.000 0.370   10.1056 8.5093 6.6396

  # Samp Profile                         DE76    De94   DL
---------------------------------------------------------------
  1 300  0.177 0.307 0.197 0.000 0.320   10.0503 8.4491 6.5615
  2 300  0.167 0.403 0.127 0.000 0.303   10.0748 8.4717 6.5828
  3 300  0.220 0.377 0.113 0.000 0.290   10.0843 8.4836 6.6020
  4 300  0.153 0.333 0.167 0.000 0.347   10.0516 8.4486 6.5569
  5 300  0.150 0.350 0.160 0.000 0.340   10.0552 8.4520 6.5605
  6 300  0.160 0.333 0.197 0.000 0.310   10.0537 8.4522 6.5642
  7 300  0.167 0.320 0.160 0.000 0.353   10.0498 8.4470 6.5558
  8 300  0.180 0.343 0.137 0.000 0.340   10.0570 8.4546 6.5652
  9 300  0.160 0.327 0.183 0.000 0.330   10.0509 8.4487 6.5590
 10 300  0.163 0.290 0.170 0.000 0.377   10.0447 8.4413 6.5477
---------------------------------------------------------------
AVG 300  0.170 0.338 0.161 0.000 0.331   10.0572 8.4549 6.5656
MIN 300  0.150 0.290 0.113 0.000 0.290   10.0447 8.4413 6.5477
MAX 300  0.220 0.403 0.197 0.000 0.377   10.0843 8.4836 6.6020

  # Samp Profile                         DE76    De94   DL
---------------------------------------------------------------
  1 1000  0.173 0.302 0.206 0.000 0.319   10.0490 8.4478 6.5599
  2 1000  0.168 0.351 0.160 0.000 0.321   10.0582 8.4561 6.5675
  3 1000  0.171 0.345 0.176 0.000 0.308   10.0586 8.4572 6.5702
  4 1000  0.160 0.334 0.175 0.000 0.331   10.0525 8.4501 6.5602
  5 1000  0.160 0.367 0.177 0.000 0.296   10.0633 8.4616 6.5746
  6 1000  0.159 0.344 0.168 0.000 0.329   10.0548 8.4523 6.5624
  7 1000  0.181 0.351 0.166 0.000 0.302   10.0631 8.4620 6.5764
  8 1000  0.173 0.358 0.160 0.000 0.309   10.0621 8.4604 6.5732
  9 1000  0.172 0.344 0.178 0.000 0.306   10.0588 8.4575 6.5709
 10 1000  0.173 0.366 0.162 0.000 0.299   10.0656 8.4640 6.5777
---------------------------------------------------------------
AVG 1000  0.169 0.346 0.173 0.000 0.312   10.0586 8.4569 6.5693
MIN 1000  0.159 0.302 0.160 0.000 0.296   10.0490 8.4478 6.5599
MAX 1000  0.181 0.367 0.206 0.000 0.331   10.0656 8.4640 6.5777

