  # Samp Profile                         DE76    De94   DL
---------------------------------------------------------------
  1   1  0.000 0.000 0.000 1.000 0.000   11.8714 10.1177 8.2408
  2   1  0.000 0.000 0.000 0.000 1.000   13.1950 11.5022 9.7767
  3   1  0.000 1.000 0.000 0.000 0.000   11.5587 9.6913 7.6178
  4   1  0.000 1.000 0.000 0.000 0.000   11.5587 9.6913 7.6178
  5   1  0.000 1.000 0.000 0.000 0.000   11.5587 9.6913 7.6178
  6   1  0.000 1.000 0.000 0.000 0.000   11.5587 9.6913 7.6178
  7   1  0.000 0.000 0.000 1.000 0.000   11.8714 10.1177 8.2408
  8   1  0.000 1.000 0.000 0.000 0.000   11.5587 9.6913 7.6178
  9   1  0.000 0.000 1.000 0.000 0.000   11.0288 9.2660 7.3376
 10   1  0.000 1.000 0.000 0.000 0.000   11.5587 9.6913 7.6178
---------------------------------------------------------------
AVG   1  0.000 0.600 0.100 0.200 0.100   11.7319 9.9151 7.9303
MIN   1  0.000 0.000 0.000 0.000 0.000   11.0288 9.2660 7.3376
MAX   1  0.000 1.000 1.000 1.000 1.000   13.1950 11.5022 9.7767

  # Samp Profile                         DE76    De94   DL
---------------------------------------------------------------
  1   3  0.000 0.667 0.000 0.000 0.333   11.8125 10.0108 8.0458
  2   3  0.000 0.000 0.333 0.333 0.333   11.7815 10.0485 8.2085
  3   3  0.000 0.000 1.000 0.000 0.000   11.0288 9.2660 7.3376
  4   3  0.000 0.333 0.000 0.333 0.333   11.9831 10.2193 8.3255
  5   3  0.000 0.333 0.667 0.000 0.000   11.0431 9.2778 7.3578
  6   3  0.000 0.000 0.333 0.000 0.667   12.1768 10.4573 8.6523
  7   3  0.000 0.000 0.333 0.333 0.333   11.7815 10.0485 8.2085
  8   3  0.000 0.333 0.333 0.333 0.000   11.3185 9.5440 7.6175
  9   3  0.000 0.000 0.667 0.333 0.000   11.1799 9.4292 7.5373
 10   3  0.000 0.000 0.667 0.333 0.000   11.1799 9.4292 7.5373
---------------------------------------------------------------
AVG   3  0.000 0.167 0.433 0.200 0.200   11.5286 9.7731 7.8828
MIN   3  0.000 0.000 0.000 0.000 0.000   11.0288 9.2660 7.3376
MAX   3  0.000 0.667 1.000 0.333 0.667   12.1768 10.4573 8.6523

  # Samp Profile                         DE76    De94   DL
---------------------------------------------------------------
  1  10  0.000 0.500 0.000 0.100 0.400   11.9477 10.1704 8.2515
  2  10  0.000 0.300 0.300 0.200 0.200   11.5001 9.7394 7.8421
  3  10  0.000 0.200 0.400 0.000 0.400   11.6160 9.8748 8.0154
  4  10  0.000 0.300 0.400 0.200 0.100   11.3252 9.5612 7.6537
  5  10  0.000 0.400 0.300 0.200 0.100   11.3909 9.6151 7.6881
  6  10  0.000 0.300 0.400 0.300 0.000   11.2649 9.4955 7.5764
  7  10  0.000 0.500 0.200 0.100 0.200   11.5322 9.7489 7.8116
  8  10  0.000 0.100 0.400 0.300 0.200   11.5034 9.7586 7.8897
  9  10  0.000 0.300 0.500 0.100 0.100   11.2321 9.4704 7.5640
 10  10  0.000 0.500 0.300 0.000 0.200   11.4198 9.6407 7.7086
---------------------------------------------------------------
AVG  10  0.000 0.340 0.320 0.150 0.190   11.4732 9.7075 7.8001
MIN  10  0.000 0.100 0.000 0.000 0.000   11.2321 9.4704 7.5640
MAX  10  0.000 0.500 0.500 0.300 0.400   11.9477 10.1704 8.2515

  # Samp Profile                         DE76    De94   DL
---------------------------------------------------------------
  1  30  0.000 0.300 0.467 0.133 0.100   11.2620 9.4996 7.5930
  2  30  0.000 0.167 0.367 0.300 0.167   11.4707 9.7197 7.8392
  3  30  0.000 0.333 0.333 0.133 0.200   11.4478 9.6850 7.7830
  4  30  0.000 0.233 0.467 0.200 0.100   11.2892 9.5315 7.6340
  5  30  0.000 0.333 0.367 0.233 0.067   11.3249 9.5554 7.6379
  6  30  0.000 0.267 0.300 0.367 0.067   11.4189 9.6531 7.7448
  7  30  0.000 0.367 0.233 0.233 0.167   11.5215 9.7507 7.8356
  8  30  0.000 0.267 0.367 0.267 0.100   11.3721 9.6100 7.7071
  9  30  0.000 0.300 0.233 0.400 0.067   11.4784 9.7075 7.7913
 10  30  0.000 0.400 0.367 0.133 0.100   11.3225 9.5491 7.6248
---------------------------------------------------------------
AVG  30  0.000 0.297 0.350 0.240 0.113   11.3908 9.6262 7.7191
MIN  30  0.000 0.167 0.233 0.133 0.067   11.2620 9.4996 7.5930
MAX  30  0.000 0.400 0.467 0.400 0.200   11.5215 9.7507 7.8392

  # Samp Profile                         DE76    De94   DL
---------------------------------------------------------------
  1 100  0.000 0.280 0.320 0.250 0.150   11.4504 9.6888 7.7890
  2 100  0.000 0.380 0.330 0.170 0.120   11.3787 9.6071 7.6872
  3 100  0.000 0.240 0.340 0.260 0.160   11.4552 9.6980 7.8060
  4 100  0.000 0.320 0.340 0.210 0.130   11.3977 9.6322 7.7238
  5 100  0.000 0.390 0.360 0.130 0.120   11.3444 9.5729 7.6524
  6 100  0.000 0.310 0.320 0.260 0.110   11.4093 9.6429 7.7333
  7 100  0.000 0.380 0.360 0.140 0.120   11.3479 9.5772 7.6584
  8 100  0.000 0.240 0.360 0.240 0.160   11.4338 9.6770 7.7851
  9 100  0.000 0.390 0.290 0.140 0.180   11.4573 9.6871 7.7716
 10 100  0.000 0.370 0.290 0.190 0.150   11.4448 9.6745 7.7588
---------------------------------------------------------------
AVG 100  0.000 0.330 0.331 0.199 0.140   11.4120 9.6458 7.7366
MIN 100  0.000 0.240 0.290 0.130 0.110   11.3444 9.5729 7.6524
MAX 100  0.000 0.390 0.360 0.260 0.180   11.4573 9.6980 7.8060

  # Samp Profile                         DE76    De94   DL
---------------------------------------------------------------
  1 300  0.000 0.303 0.363 0.203 0.130   11.3804 9.6169 7.7117
  2 300  0.000 0.333 0.323 0.197 0.147   11.4212 9.6550 7.7461
  3 300  0.000 0.370 0.280 0.210 0.140   11.4491 9.6778 7.7604
  4 300  0.000 0.357 0.307 0.203 0.133   11.4207 9.6512 7.7362
  5 300  0.000 0.347 0.327 0.210 0.117   11.3923 9.6233 7.7086
  6 300  0.000 0.297 0.303 0.247 0.153   11.4634 9.7002 7.7978
  7 300  0.000 0.333 0.323 0.243 0.100   11.3900 9.6211 7.7064
  8 300  0.000 0.323 0.293 0.243 0.140   11.4532 9.6866 7.7778
  9 300  0.000 0.343 0.250 0.247 0.160   11.5075 9.7390 7.8278
 10 300  0.000 0.347 0.307 0.193 0.153   11.4382 9.6708 7.7600
---------------------------------------------------------------
AVG 300  0.000 0.335 0.308 0.220 0.137   11.4316 9.6642 7.7533
MIN 300  0.000 0.297 0.250 0.193 0.100   11.3804 9.6169 7.7064
MAX 300  0.000 0.370 0.363 0.247 0.160   11.5075 9.7390 7.8278

  # Samp Profile                         DE76    De94   DL
---------------------------------------------------------------
  1 1000  0.000 0.318 0.322 0.206 0.154   11.4341 9.6697 7.7642
  2 1000  0.000 0.322 0.328 0.223 0.127   11.4075 9.6413 7.7319
  3 1000  0.000 0.327 0.307 0.207 0.159   11.4500 9.6847 7.7780
  4 1000  0.000 0.329 0.307 0.233 0.131   11.4298 9.6626 7.7520
  5 1000  0.000 0.355 0.315 0.214 0.116   11.4011 9.6309 7.7143
  6 1000  0.000 0.326 0.314 0.211 0.149   11.4358 9.6702 7.7626
  7 1000  0.000 0.351 0.298 0.220 0.131   11.4307 9.6613 7.7467
  8 1000  0.000 0.337 0.310 0.230 0.123   11.4179 9.6496 7.7368
  9 1000  0.000 0.374 0.279 0.211 0.136   11.4459 9.6740 7.7554
 10 1000  0.000 0.317 0.331 0.219 0.133   11.4104 9.6451 7.7374
---------------------------------------------------------------
AVG 1000  0.000 0.336 0.311 0.217 0.136   11.4263 9.6589 7.7479
MIN 1000  0.000 0.317 0.279 0.206 0.116   11.4011 9.6309 7.7143
MAX 1000  0.000 0.374 0.331 0.233 0.159   11.4500 9.6847 7.7780

