  # Samp Profile                         DE76    De94   DL
---------------------------------------------------------------
  1   1  0.000 0.000 0.000 1.000 0.000   10.8564 8.3519 5.9484
  2   1  0.000 0.000 0.000 0.000 1.000   11.6620 9.3279 7.1717
  3   1  0.000 0.000 0.000 1.000 0.000   10.8564 8.3519 5.9484
  4   1  0.000 0.000 0.000 0.000 1.000   11.6620 9.3279 7.1717
  5   1  0.000 0.000 0.000 0.000 1.000   11.6620 9.3279 7.1717
  6   1  0.000 1.000 0.000 0.000 0.000   11.0169 8.3673 5.7325
  7   1  0.000 0.000 0.000 1.000 0.000   10.8564 8.3519 5.9484
  8   1  1.000 0.000 0.000 0.000 0.000   11.5809 9.1180 7.0308
  9   1  1.000 0.000 0.000 0.000 0.000   11.5809 9.1180 7.0308
 10   1  1.000 0.000 0.000 0.000 0.000   11.5809 9.1180 7.0308
---------------------------------------------------------------
AVG   1  0.300 0.100 0.000 0.300 0.300   11.3315 8.8760 6.6185
MIN   1  0.000 0.000 0.000 0.000 0.000   10.8564 8.3519 5.7325
MAX   1  1.000 1.000 0.000 1.000 1.000   11.6620 9.3279 7.1717

  # Samp Profile                         DE76    De94   DL
---------------------------------------------------------------
  1   3  0.667 0.000 0.000 0.000 0.333   10.5052 7.9930 5.7269
  2   3  0.000 0.667 0.000 0.000 0.333   10.8134 8.2539 5.7614
  3   3  0.667 0.000 0.000 0.000 0.333   10.5052 7.9930 5.7269
  4   3  0.333 0.333 0.000 0.333 0.000   10.6238 8.0605 5.6835
  5   3  0.000 0.333 0.000 0.333 0.333   10.8639 8.3574 5.9486
  6   3  0.000 0.333 0.000 0.000 0.667   11.0285 8.5768 6.2507
  7   3  0.333 0.333 0.000 0.333 0.000   10.6238 8.0605 5.6835
  8   3  0.333 0.333 0.000 0.333 0.000   10.6238 8.0605 5.6835
  9   3  0.333 0.667 0.000 0.000 0.000   10.8665 8.2782 5.8790
 10   3  0.000 0.000 0.000 0.333 0.667   11.2927 8.9002 6.6626
---------------------------------------------------------------
AVG   3  0.267 0.300 0.000 0.167 0.267   10.7747 8.2534 5.9007
MIN   3  0.000 0.000 0.000 0.000 0.000   10.5052 7.9930 5.6835
MAX   3  0.667 0.667 0.000 0.333 0.667   11.2927 8.9002 6.6626

  # Samp Profile                         DE76    De94   DL
---------------------------------------------------------------
  1  10  0.100 0.100 0.000 0.300 0.500   10.8352 8.3760 6.0626
  2  10  0.100 0.300 0.000 0.300 0.300   10.6924 8.1735 5.7767
  3  10  0.100 0.300 0.000 0.300 0.300   10.6924 8.1735 5.7767
  4  10  0.500 0.400 0.000 0.000 0.100   10.7347 8.1861 5.8839
  5  10  0.300 0.200 0.000 0.300 0.200   10.4996 7.9661 5.6071
  6  10  0.500 0.200 0.000 0.300 0.000   10.6548 8.1115 5.8098
  7  10  0.300 0.400 0.000 0.300 0.000   10.6517 8.0812 5.6847
  8  10  0.400 0.200 0.000 0.100 0.300   10.4554 7.9277 5.5982
  9  10  0.000 0.500 0.000 0.100 0.400   10.8390 8.3157 5.8802
 10  10  0.600 0.100 0.000 0.300 0.000   10.7039 8.1744 5.9134
---------------------------------------------------------------
AVG  10  0.290 0.270 0.000 0.230 0.210   10.6759 8.1486 5.7993
MIN  10  0.000 0.100 0.000 0.000 0.000   10.4554 7.9277 5.5982
MAX  10  0.600 0.500 0.000 0.300 0.500   10.8390 8.3760 6.0626

  # Samp Profile                         DE76    De94   DL
---------------------------------------------------------------
  1  30  0.233 0.267 0.000 0.167 0.333   10.5392 8.0164 5.6515
  2  30  0.500 0.067 0.000 0.200 0.233   10.4522 7.9288 5.6258
  3  30  0.200 0.400 0.000 0.167 0.233   10.5867 8.0385 5.6331
  4  30  0.267 0.367 0.000 0.167 0.200   10.5534 8.0034 5.6167
  5  30  0.300 0.233 0.000 0.367 0.100   10.5326 7.9861 5.6138
  6  30  0.333 0.233 0.000 0.233 0.200   10.4980 7.9602 5.6055
  7  30  0.267 0.367 0.000 0.133 0.233   10.5445 7.9979 5.6148
  8  30  0.233 0.300 0.000 0.200 0.267   10.5442 8.0100 5.6316
  9  30  0.300 0.300 0.000 0.233 0.167   10.5340 7.9872 5.6141
 10  30  0.300 0.133 0.000 0.300 0.267   10.4836 7.9639 5.6192
---------------------------------------------------------------
AVG  30  0.293 0.267 0.000 0.217 0.223   10.5268 7.9893 5.6226
MIN  30  0.200 0.067 0.000 0.133 0.100   10.4522 7.9288 5.6055
MAX  30  0.500 0.400 0.000 0.367 0.333   10.5867 8.0385 5.6515

  # Samp Profile                         DE76    De94   DL
---------------------------------------------------------------
  1 100  0.240 0.270 0.000 0.200 0.290   10.5348 8.0062 5.6364
  2 100  0.220 0.280 0.000 0.190 0.310   10.5515 8.0254 5.6531
  3 100  0.270 0.220 0.000 0.300 0.210   10.5163 7.9831 5.6163
  4 100  0.260 0.320 0.000 0.180 0.240   10.5348 7.9941 5.6159
  5 100  0.270 0.320 0.000 0.160 0.250   10.5281 7.9881 5.6134
  6 100  0.270 0.260 0.000 0.210 0.260   10.5158 7.9834 5.6173
  7 100  0.290 0.260 0.000 0.220 0.230   10.5105 7.9741 5.6091
  8 100  0.190 0.320 0.000 0.250 0.240   10.5828 8.0456 5.6513
  9 100  0.220 0.340 0.000 0.180 0.260   10.5595 8.0205 5.6326
 10 100  0.230 0.250 0.000 0.250 0.270   10.5424 8.0146 5.6432
---------------------------------------------------------------
AVG 100  0.246 0.284 0.000 0.214 0.256   10.5377 8.0035 5.6289
MIN 100  0.190 0.220 0.000 0.160 0.210   10.5105 7.9741 5.6091
MAX 100  0.290 0.340 0.000 0.300 0.310   10.5828 8.0456 5.6531

  # Samp Profile                         DE76    De94   DL
---------------------------------------------------------------
  1 300  0.250 0.293 0.000 0.210 0.247   10.5345 7.9979 5.6216
  2 300  0.257 0.297 0.000 0.240 0.207   10.5378 7.9964 5.6164
  3 300  0.250 0.237 0.000 0.207 0.307   10.5243 8.0008 5.6395
  4 300  0.290 0.277 0.000 0.180 0.253   10.5096 7.9738 5.6093
  5 300  0.197 0.277 0.000 0.253 0.273   10.5734 8.0452 5.6639
  6 300  0.263 0.333 0.000 0.193 0.210   10.5426 7.9973 5.6148
  7 300  0.250 0.307 0.000 0.177 0.267   10.5339 7.9980 5.6223
  8 300  0.277 0.300 0.000 0.143 0.280   10.5158 7.9808 5.6134
  9 300  0.240 0.253 0.000 0.193 0.313   10.5331 8.0092 5.6447
 10 300  0.267 0.313 0.000 0.183 0.237   10.5308 7.9903 5.6141
---------------------------------------------------------------
AVG 300  0.254 0.289 0.000 0.198 0.259   10.5336 7.9990 5.6260
MIN 300  0.197 0.237 0.000 0.143 0.207   10.5096 7.9738 5.6093
MAX 300  0.290 0.333 0.000 0.253 0.313   10.5734 8.0452 5.6639

  # Samp Profile                         DE76    De94   DL
---------------------------------------------------------------
  1 1000  0.292 0.254 0.000 0.203 0.251   10.5047 7.9710 5.6093
  2 1000  0.255 0.281 0.000 0.201 0.263   10.5276 7.9939 5.6223
  3 1000  0.249 0.290 0.000 0.199 0.262   10.5327 7.9983 5.6241
  4 1000  0.269 0.276 0.000 0.213 0.242   10.5215 7.9855 5.6151
  5 1000  0.260 0.294 0.000 0.205 0.241   10.5296 7.9919 5.6172
  6 1000  0.258 0.269 0.000 0.212 0.261   10.5243 7.9916 5.6220
  7 1000  0.275 0.265 0.000 0.193 0.267   10.5128 7.9803 5.6155
  8 1000  0.252 0.284 0.000 0.207 0.257   10.5306 7.9961 5.6227
  9 1000  0.257 0.253 0.000 0.198 0.292   10.5205 7.9931 5.6291
 10 1000  0.252 0.285 0.000 0.209 0.254   10.5311 7.9962 5.6223
---------------------------------------------------------------
AVG 1000  0.262 0.275 0.000 0.204 0.259   10.5235 7.9898 5.6199
MIN 1000  0.249 0.253 0.000 0.193 0.241   10.5047 7.9710 5.6093
MAX 1000  0.292 0.294 0.000 0.213 0.292   10.5327 7.9983 5.6291

