  # Samp Profile                         DE76    De94   DL
---------------------------------------------------------------
  1   1  -0.466 0.576 -0.329 0.957 0.984   22.7331 21.5717 19.9548
  2   1  0.737 1.080 0.055 -0.217 -0.269   12.7363 11.5798 9.5429
  3   1  0.228 0.709 -0.203 0.535 0.128   15.8469 14.5481 12.3448
  4   1  1.932 2.782 0.422 -1.316 -1.639   15.6204 14.0831 11.2734
  5   1  0.895 -0.166 0.770 -0.386 -0.411   12.7711 11.5557 9.2388
  6   1  1.980 3.417 -2.569 -1.367 -1.663   15.3106 13.6605 10.9572
  7   1  0.535 1.156 -0.021 -0.001 -0.095   13.6306 12.4365 10.3852
  8   1  0.895 -0.166 0.770 -0.386 -0.411   12.7711 11.5557 9.2388
  9   1  2.030 2.196 0.573 -1.422 -1.737   16.4871 14.9404 12.0368
 10   1  0.835 1.219 -0.985 -0.303 -0.383   12.6171 11.4588 9.4450
 11   1  0.487 2.481 -2.053 0.794 -1.015   14.1168 12.7766 10.5075
 12   1  -0.052 -0.802 1.400 0.237 0.855   19.5023 18.1562 16.0040
 13   1  1.402 1.889 0.719 -0.881 -0.939   12.6645 11.4099 9.0930
 14   1  0.582 0.493 0.270 -0.049 -0.156   13.3161 12.1222 10.0194
 15   1  2.496 2.215 0.385 -1.915 -2.126   19.3891 17.6940 14.3624
 16   1  1.968 1.598 2.193 -1.476 -1.454   16.8864 15.4190 12.4956
 17   1  0.487 2.481 -2.053 0.794 -1.015   14.1168 12.7766 10.5075
 18   1  0.798 0.252 0.491 -0.264 -0.371   12.5893 11.4168 9.2536
 19   1  1.805 1.947 -0.912 -1.294 -1.322   14.0663 12.6464 10.1013
 20   1  1.769 1.707 0.797 -1.181 -1.437   14.9719 13.5551 10.8692
 21   1  1.880 2.618 0.817 -1.341 -1.446   15.1471 13.6703 10.9444
 22   1  1.539 2.260 0.556 -0.983 -1.136   13.2531 11.9208 9.5448
 23   1  0.277 -0.447 0.969 0.067 0.483   16.2546 14.8834 12.5909
 24   1  -0.052 -0.802 1.400 0.237 0.855   19.5023 18.1562 16.0040
 25   1  1.401 1.633 -0.218 -0.882 -0.930   12.4867 11.2461 8.9981
 26   1  -0.184 0.340 -0.441 0.692 0.671   19.7870 18.5703 16.7815
 27   1  2.168 3.079 0.830 -1.587 -1.814   17.1398 15.5086 12.4452
 28   1  0.829 1.576 -1.346 -0.247 -0.452   12.8079 11.6191 9.5859
 29   1  -0.052 -0.802 1.400 0.237 0.855   19.5023 18.1562 16.0040
 30   1  1.206 1.153 -0.027 -0.607 -0.880   12.1724 10.9833 8.7646
 31   1  1.968 1.598 2.193 -1.476 -1.454   16.8864 15.4190 12.4956
 32   1  1.297 2.046 -1.655 -0.723 -0.908   12.6707 11.3849 9.2304
 33   1  1.313 3.013 -0.304 -0.735 -0.948   12.8873 11.5695 9.3763
 34   1  0.645 0.736 0.495 -0.136 -0.163   13.0615 11.8909 9.8133
 35   1  0.998 0.855 0.224 -0.432 -0.621   12.1023 10.9526 8.7866
 36   1  0.726 2.146 -1.561 -0.084 -0.469   13.3970 12.1526 10.0359
 37   1  1.215 1.766 -0.436 -0.679 -0.773   12.1856 10.9805 8.8562
 38   1  2.265 2.033 1.724 -1.738 -1.814   18.7092 17.1321 13.9596
 39   1  -0.052 -0.802 1.400 0.237 0.855   19.5023 18.1562 16.0040
 40   1  0.573 -0.856 1.297 -0.248 0.312   14.9677 13.5423 10.9784
 41   1  1.880 2.618 0.817 -1.341 -1.446   15.1471 13.6703 10.9444
 42   1  1.014 0.971 -0.667 -0.520 -0.506   12.1269 10.9811 8.9015
 43   1  0.645 0.736 0.495 -0.136 -0.163   13.0615 11.8909 9.8134
 44   1  1.705 1.755 -0.073 -1.203 -1.209   13.7279 12.3731 9.8810
 45   1  1.705 1.755 -0.073 -1.203 -1.209   13.7279 12.3731 9.8810
 46   1  0.228 0.709 -0.203 0.535 0.128   15.8469 14.5481 12.3448
 47   1  1.196 1.604 0.798 -0.679 -0.725   12.1029 10.9274 8.7245
 48   1  0.471 -1.115 1.548 -0.213 0.526   16.0339 14.5531 11.9090
 49   1  0.726 2.146 -1.561 -0.084 -0.469   13.3970 12.1526 10.0359
 50   1  0.829 1.576 -1.346 -0.247 -0.452   12.8079 11.6191 9.5859
 51   1  1.539 2.260 0.556 -0.983 -1.136   13.2531 11.9208 9.5448
 52   1  1.032 1.236 0.924 -0.529 -0.537   12.0985 10.9436 8.7686
 53   1  0.894 0.372 0.429 -0.337 -0.524   12.3504 11.1843 8.9926
 54   1  0.865 -0.625 1.019 -0.382 -0.327   13.4068 12.1092 9.6239
 55   1  1.014 0.971 -0.667 -0.520 -0.506   12.1269 10.9811 8.9015
 56   1  1.349 1.031 0.046 -0.681 -1.214   12.7965 11.5459 9.1833
 57   1  0.249 1.691 -1.289 0.413 -0.022   15.6340 14.3146 11.9900
 58   1  2.030 2.196 0.573 -1.422 -1.737   16.4871 14.9404 12.0368
 59   1  0.693 1.199 -0.594 -0.146 -0.266   12.9256 11.7722 9.7856
 60   1  2.211 3.045 -1.551 -1.651 -1.805   16.3229 14.6468 11.7083
 61   1  1.580 2.186 0.245 -1.023 -1.176   13.3611 12.0120 9.5942
 62   1  0.277 -0.447 0.969 0.067 0.483   16.2546 14.8834 12.5909
 63   1  1.215 1.766 -0.436 -0.679 -0.773   12.1856 10.9805 8.8562
 64   1  2.467 3.801 0.784 -1.884 -2.110   18.7283 16.9876 13.6307
 65   1  1.401 1.633 -0.218 -0.882 -0.930   12.4867 11.2461 8.9981
 66   1  1.242 1.455 1.089 -0.736 -0.753   12.3029 11.1121 8.8569
 67   1  1.670 1.971 0.563 -1.107 -1.277   13.9724 12.6115 10.0844
 68   1  1.358 0.880 0.265 -0.730 -1.129   12.8240 11.5877 9.2108
 69   1  0.258 0.737 -0.224 0.315 0.081   15.2795 13.9998 11.8242
 70   1  1.880 2.618 0.817 -1.341 -1.446   15.1471 13.6703 10.9444
 71   1  0.607 2.590 -2.462 0.184 -0.542   14.4211 13.0813 10.7672
 72   1  1.169 1.650 0.339 -0.610 -0.777   12.1256 10.9361 8.7645
 73   1  0.693 1.199 -0.594 -0.146 -0.266   12.9256 11.7722 9.7856
 74   1  1.196 1.604 0.798 -0.679 -0.725   12.1029 10.9274 8.7245
 75   1  0.645 0.736 0.495 -0.136 -0.163   13.0615 11.8909 9.8133
 76   1  1.221 2.200 -0.071 -0.647 -0.847   12.2762 11.0332 8.8769
 77   1  2.019 3.733 -3.484 -1.357 -1.774   15.6592 13.9566 11.2045
 78   1  1.813 2.647 -2.600 -1.194 -1.472   14.2706 12.7592 10.3322
 79   1  0.829 1.576 -1.346 -0.247 -0.452   12.8079 11.6191 9.5859
 80   1  0.965 -1.191 1.688 -1.000 1.291   16.3854 14.8387 11.9968
 81   1  0.791 2.193 -1.855 -0.016 -0.684   13.2513 11.9977 9.8853
 82   1  0.944 -0.440 0.942 -0.444 -0.440   13.1528 11.8841 9.4199
 83   1  1.014 0.971 -0.667 -0.520 -0.506   12.1269 10.9811 8.9015
 84   1  0.228 0.709 -0.203 0.535 0.128   15.8469 14.5481 12.3448
 85   1  1.014 0.971 -0.667 -0.520 -0.506   12.1269 10.9811 8.9015
 86   1  2.265 2.033 1.724 -1.738 -1.814   18.7092 17.1321 13.9596
 87   1  0.582 0.493 0.270 -0.049 -0.156   13.3161 12.1222 10.0194
 88   1  0.582 0.493 0.270 -0.049 -0.156   13.3161 12.1222 10.0194
 89   1  -0.052 -0.802 1.400 0.237 0.855   19.5023 18.1562 16.0040
 90   1  0.835 1.219 -0.985 -0.303 -0.383   12.6171 11.4588 9.4450
 91   1  -0.346 0.969 -0.393 0.849 0.837   21.2250 20.0093 18.2370
 92   1  0.865 -0.625 1.019 -0.382 -0.327   13.4068 12.1092 9.6239
 93   1  2.344 -0.360 2.130 -1.831 -1.865   20.6048 18.7758 15.2865
 94   1  1.481 1.953 1.128 -0.962 -1.016   13.0931 11.8170 9.4286
 95   1  1.059 1.058 -0.075 -0.411 -0.872   12.0341 10.8742 8.7273
 96   1  1.670 1.971 0.563 -1.107 -1.277   13.9724 12.6115 10.0844
 97   1  2.030 2.196 0.573 -1.422 -1.737   16.4871 14.9404 12.0368
 98   1  0.865 -0.625 1.019 -0.382 -0.327   13.4068 12.1092 9.6239
 99   1  0.996 0.887 0.241 -0.421 -0.650   12.0629 10.9093 8.7581
100   1  1.469 2.450 0.294 -0.924 -1.047   12.9778 11.6583 9.3446
---------------------------------------------------------------
AVG   1  1.087 1.274 0.096 -0.546 -0.645   14.5376 13.2181 10.8588
MIN   1  -0.466 -1.191 -3.484 -1.915 -2.126   12.0341 10.8742 8.7245
MAX   1  2.496 3.801 2.193 0.957 1.291   22.7331 21.5717 19.9548

  # Samp Profile                         DE76    De94   DL
---------------------------------------------------------------
  1   3  0.721 1.106 0.009 -0.173 -0.308   12.6697 11.5065 9.4534
  2   3  1.503 1.591 0.472 -0.943 -1.106   13.1425 11.8796 9.4671
  3   3  1.641 2.397 0.265 -1.108 -1.197   13.6471 12.2849 9.8069
  4   3  1.619 2.153 0.312 -1.088 -1.169   13.4479 12.1138 9.7594
  5   3  0.444 0.209 0.532 0.052 0.063   14.3817 13.1238 10.9215
  6   3  1.220 1.999 0.568 -0.693 -0.769   12.2092 11.0047 8.8101
  7   3  0.998 1.730 0.118 -0.451 -0.580   12.1611 11.0230 8.9912
  8   3  0.714 -0.589 0.894 -0.231 -0.179   13.3710 12.0939 9.8226
  9   3  1.536 1.406 -0.623 -1.030 -1.033   12.7086 11.4167 9.0386
 10   3  1.576 1.531 0.625 -1.079 -1.071   13.4107 12.1840 9.7817
 11   3  2.108 2.128 -1.546 -1.607 -1.611   15.6462 14.0715 11.2853
 12   3  0.805 -0.704 1.043 -0.334 -0.240   13.6360 12.3142 9.7920
 13   3  1.096 0.808 0.190 -0.491 -0.811   11.9878 10.8098 8.5625
 14   3  1.726 1.945 -1.395 -1.213 -1.248   13.6353 12.2169 9.8128
 15   3  1.792 3.191 0.182 -1.217 -1.418   14.6844 13.1632 10.5473
 16   3  1.047 1.740 0.050 -0.491 -0.645   12.1109 10.9382 8.8585
 17   3  1.101 1.537 0.571 -0.585 -0.629   12.1002 10.9361 8.7656
 18   3  0.657 0.932 0.156 -0.115 -0.235   12.8234 11.6587 9.6083
 19   3  1.688 1.534 0.423 -1.083 -1.395   14.2876 12.8950 10.2699
 20   3  0.919 1.168 0.782 -0.421 -0.414   12.2785 11.1117 8.9384
 21   3  0.871 1.654 0.522 -0.350 -0.410   12.3397 11.1882 9.1508
 22   3  1.382 1.864 0.909 -0.866 -0.911   12.7417 11.4753 9.1288
 23   3  1.246 1.011 0.449 -0.688 -0.856   12.3587 11.2040 8.9401
 24   3  1.588 0.690 0.672 -1.013 -1.230   14.3566 13.0138 10.4056
 25   3  1.168 0.756 0.657 -0.633 -0.735   12.2534 11.0837 8.7919
 26   3  1.301 1.964 0.240 -0.747 -0.893   12.3638 11.1361 8.9046
 27   3  1.311 1.077 0.347 -0.727 -0.974   12.6191 11.3842 9.0417
 28   3  1.412 1.589 -1.142 -0.820 -0.977   12.3705 11.0950 8.8516
 29   3  1.104 1.159 -0.682 -0.599 -0.612   12.0685 10.9315 8.8739
 30   3  0.864 0.597 0.221 -0.283 -0.535   12.2100 11.0447 8.8736
 31   3  1.081 1.199 -0.986 -0.575 -0.589   12.2215 11.0739 9.0219
 32   3  0.329 -0.102 0.517 0.151 0.211   15.1548 13.8368 11.5921
 33   3  1.053 1.471 0.482 -0.510 -0.636   11.9473 10.7760 8.6050
 34   3  0.593 0.459 0.414 -0.081 -0.116   13.2956 12.1062 10.0411
 35   3  1.226 2.062 0.183 -0.639 -0.885   12.3289 11.1312 8.9386
 36   3  1.397 1.905 0.787 -0.862 -0.959   12.6676 11.4121 9.0913
 37   3  0.906 1.864 -0.945 -0.326 -0.533   12.5448 11.3388 9.2763
 38   3  1.024 1.674 0.633 -0.504 -0.559   11.8896 10.7624 8.6716
 39   3  1.250 1.739 0.992 -0.743 -0.763   12.2801 11.0693 8.8038
 40   3  1.404 2.491 0.254 -0.846 -1.004   12.8391 11.5119 9.2408
 41   3  0.940 1.225 0.772 -0.434 -0.449   12.2835 11.1231 8.9544
 42   3  1.326 1.893 0.736 -0.800 -0.872   12.4964 11.2650 8.9981
 43   3  0.948 1.377 -1.232 -0.412 -0.504   12.4920 11.3082 9.2861
 44   3  0.575 0.721 0.572 -0.075 -0.074   13.5119 12.3091 10.1914
 45   3  0.967 1.369 0.322 -0.448 -0.498   12.1132 10.9667 8.9140
 46   3  0.979 1.188 -0.831 -0.454 -0.511   11.9095 10.7789 8.7913
 47   3  0.948 1.454 -0.327 -0.409 -0.510   12.2764 11.1324 9.0939
 48   3  1.534 2.989 0.353 -0.982 -1.125   13.3597 12.0386 9.7091
 49   3  0.420 1.096 -0.607 0.321 -0.271   14.0576 12.8332 10.7201
 50   3  1.345 -1.134 1.497 -0.861 -0.812   14.9880 13.4792 10.4873
 51   3  1.116 1.285 0.466 -0.560 -0.724   12.2175 11.0321 8.8447
 52   3  1.246 2.207 0.278 -0.688 -0.847   12.3525 11.1074 8.9228
 53   3  1.692 2.123 1.066 -1.157 -1.257   14.3063 12.9119 10.3236
 54   3  1.046 0.717 0.406 -0.488 -0.664   12.0112 10.8384 8.5998
 55   3  1.114 1.067 0.446 -0.575 -0.683   12.0433 10.8716 8.6618
 56   3  1.843 3.054 0.364 -1.262 -1.483   15.0279 13.5292 10.8553
 57   3  1.076 1.265 0.322 -0.571 -0.584   12.0330 10.8964 8.8159
 58   3  1.568 1.914 0.386 -1.049 -1.098   13.2415 11.9171 9.4882
 59   3  1.339 1.731 -1.611 -0.803 -0.892   12.4514 11.2034 9.1540
 60   3  1.676 2.133 0.031 -1.040 -1.428   14.2050 12.7950 10.2552
 61   3  0.312 0.236 0.415 0.185 0.192   15.1678 13.9303 11.7656
 62   3  0.384 -0.293 0.695 0.061 0.257   15.1385 13.8100 11.5032
 63   3  0.680 1.595 -1.101 0.008 -0.488   13.0143 11.8173 9.7591
 64   3  1.363 0.819 0.224 -0.727 -1.143   12.7108 11.4449 9.0113
 65   3  0.685 1.471 -1.023 -0.057 -0.385   13.1299 11.9450 9.8978
 66   3  1.542 2.789 0.418 -0.976 -1.160   13.4242 12.0370 9.6322
 67   3  0.811 0.917 0.744 -0.311 -0.312   12.4470 11.2954 9.1820
 68   3  1.062 0.773 0.383 -0.508 -0.662   12.1133 10.9694 8.7571
 69   3  0.818 0.533 0.301 -0.257 -0.455   12.3892 11.2302 9.0998
 70   3  1.350 1.380 0.637 -0.802 -0.939   12.5995 11.3765 9.0462
 71   3  1.559 2.141 0.692 -1.029 -1.108   13.4087 12.0706 9.6589
 72   3  0.671 -0.198 0.672 -0.171 -0.171   13.3238 12.0878 9.9063
 73   3  1.178 -0.576 1.121 -0.673 -0.689   13.6883 12.3666 9.8224
 74   3  0.566 0.491 0.625 -0.068 -0.064   13.3209 12.1057 10.0807
 75   3  0.624 -0.886 1.122 -0.157 -0.067   14.1416 12.7787 10.3405
 76   3  0.489 -0.609 1.000 -0.098 0.289   14.9835 13.5868 11.1318
 77   3  0.362 1.480 -1.164 0.287 -0.096   14.8791 13.5913 11.3625
 78   3  1.943 2.903 -1.730 -1.375 -1.551   15.0656 13.4660 10.7485
 79   3  1.824 1.827 0.445 -1.245 -1.460   15.1395 13.6931 10.9741
 80   3  0.896 1.681 0.362 -0.369 -0.445   12.1540 11.0213 9.0373
 81   3  1.436 1.436 0.164 -0.820 -1.165   12.9202 11.6289 9.2251
 82   3  0.395 -0.328 0.742 0.036 0.292   15.2953 13.9688 11.6599
 83   3  1.045 1.626 -0.063 -0.514 -0.595   12.1557 10.9884 8.8855
 84   3  1.318 1.509 0.665 -0.767 -0.917   12.6230 11.4013 9.0841
 85   3  1.505 3.628 -1.415 -0.836 -1.288   14.0801 12.5750 10.1672
 86   3  1.185 1.144 0.088 -0.574 -0.905   12.2049 11.0065 8.7625
 87   3  0.544 0.566 -0.227 -0.052 -0.029   13.7648 12.5462 10.4123
 88   3  1.808 2.610 0.769 -1.258 -1.397   14.7419 13.3090 10.7423
 89   3  1.140 1.283 0.146 -0.570 -0.763   12.1619 10.9718 8.7714
 90   3  1.220 1.020 0.133 -0.600 -0.967   12.3470 11.1357 8.8430
 91   3  1.547 2.039 1.143 -1.033 -1.072   13.4602 12.1394 9.6973
 92   3  1.215 1.638 0.691 -0.683 -0.774   12.1539 10.9690 8.7614
 93   3  1.449 1.698 0.079 -0.936 -0.971   12.5885 11.3051 8.9545
 94   3  0.872 1.163 0.259 -0.324 -0.465   12.3586 11.2106 9.1667
 95   3  0.882 1.532 0.477 -0.364 -0.415   12.3049 11.1439 9.0576
 96   3  1.144 1.452 0.394 -0.587 -0.752   12.0599 10.8785 8.6809
 97   3  0.418 -0.575 0.907 0.021 0.210   15.0753 13.7523 11.3926
 98   3  1.192 1.446 -1.251 -0.672 -0.720   12.1777 10.9657 8.8376
 99   3  1.025 0.478 0.427 -0.460 -0.663   12.2364 11.0556 8.7748
100   3  0.358 0.110 0.388 0.140 0.147   14.9018 13.6271 11.5284
---------------------------------------------------------------
AVG   3  1.119 1.286 0.209 -0.578 -0.689   13.1042 11.8486 9.5773
MIN   3  0.312 -1.134 -1.730 -1.607 -1.611   11.8896 10.7624 8.5625
MAX   3  2.108 3.628 1.497 0.321 0.292   15.6462 14.0715 11.7656

  # Samp Profile                         DE76    De94   DL
---------------------------------------------------------------
  1  10  0.758 1.290 0.250 -0.241 -0.288   12.6805 11.5050 9.5274
  2  10  0.982 1.255 0.941 -0.480 -0.486   12.0503 10.9410 8.8765
  3  10  1.205 1.312 0.256 -0.627 -0.852   12.2285 11.0346 8.8719
  4  10  1.094 1.493 0.778 -0.573 -0.633   12.0170 10.8552 8.6723
  5  10  1.322 1.895 0.720 -0.794 -0.873   12.1582 10.8639 8.4916
  6  10  1.189 1.484 0.883 -0.671 -0.723   12.3413 11.1790 8.9214
  7  10  1.457 2.383 0.671 -0.920 -1.023   13.0712 11.7694 9.4642
  8  10  1.005 1.500 0.277 -0.485 -0.538   12.1981 11.0050 8.8904
  9  10  0.992 1.130 0.071 -0.407 -0.656   12.0097 10.7989 8.5756
 10  10  1.252 1.760 0.952 -0.738 -0.777   12.0928 10.9345 8.7368
 11  10  1.046 1.111 -0.739 -0.540 -0.554   12.0864 10.9137 8.7922
 12  10  1.379 2.050 0.816 -0.851 -0.929   12.3500 11.0324 8.6031
 13  10  1.128 0.986 0.273 -0.554 -0.771   12.0528 10.9024 8.7087
 14  10  1.076 0.853 0.426 -0.532 -0.656   11.9516 10.8057 8.6258
 15  10  0.793 1.382 0.006 -0.251 -0.363   12.4420 11.2883 9.2266
 16  10  0.942 1.433 0.803 -0.436 -0.453   12.2311 11.1185 9.1154
 17  10  1.285 1.711 0.845 -0.769 -0.811   12.4642 11.2630 8.9091
 18  10  1.417 1.857 1.247 -0.909 -0.931   12.7502 11.5369 9.2347
 19  10  1.298 1.885 0.236 -0.768 -0.847   12.2604 11.0460 8.9689
 20  10  1.049 1.253 -0.460 -0.539 -0.567   12.2201 11.0767 8.9691
 21  10  1.276 1.951 0.399 -0.739 -0.840   12.5325 11.2435 9.0077
 22  10  1.250 1.109 0.632 -0.711 -0.823   12.6359 11.4316 9.0632
 23  10  1.464 2.178 0.969 -0.944 -1.001   13.1677 11.9016 9.5393
 24  10  1.194 1.544 0.386 -0.650 -0.771   12.3778 11.1481 8.9329
 25  10  1.211 1.830 0.655 -0.691 -0.746   12.2838 11.1010 8.9610
 26  10  1.123 1.793 0.008 -0.584 -0.687   12.2307 10.9918 8.7894
 27  10  1.000 1.723 0.086 -0.461 -0.566   12.1890 11.0456 9.0662
 28  10  1.097 1.656 -0.229 -0.563 -0.652   12.3138 11.1439 9.0734
 29  10  0.674 0.258 0.502 -0.160 -0.203   13.2035 12.0016 9.9531
 30  10  0.990 1.311 0.828 -0.484 -0.503   11.8605 10.7968 8.9276
 31  10  1.130 1.358 -1.317 -0.613 -0.656   12.3870 11.2228 9.2308
 32  10  1.325 2.019 0.220 -0.790 -0.885   12.3027 11.0471 8.8137
 33  10  0.980 1.323 -1.140 -0.451 -0.524   12.2175 11.0653 9.1038
 34  10  0.643 0.792 0.637 -0.144 -0.140   13.0856 11.9361 9.9541
 35  10  1.336 1.395 -1.168 -0.832 -0.842   12.3111 11.0267 8.7637
 36  10  1.132 1.818 0.340 -0.600 -0.686   12.0973 10.9049 8.8271
 37  10  1.131 1.699 0.475 -0.607 -0.671   12.3723 11.1612 9.0038
 38  10  0.891 1.365 -0.324 -0.363 -0.436   12.5623 11.4915 9.5397
 39  10  1.227 1.230 0.237 -0.647 -0.879   11.9761 10.8475 8.5656
 40  10  1.481 1.922 1.035 -0.956 -1.025   13.5622 12.2227 9.7437
 41  10  1.293 2.013 0.595 -0.759 -0.852   12.5740 11.3039 9.0088
 42  10  1.087 1.217 0.215 -0.515 -0.721   12.2763 11.0818 8.9239
 43  10  0.966 1.164 0.592 -0.459 -0.476   11.7651 10.6201 8.4126
 44  10  1.574 2.254 0.598 -1.049 -1.117   13.4577 12.2376 9.8571
 45  10  0.865 1.095 0.492 -0.341 -0.409   12.4405 11.3137 9.1277
 46  10  0.827 1.116 0.161 -0.314 -0.349   12.4424 11.3621 9.3508
 47  10  1.277 1.597 0.464 -0.734 -0.854   12.3985 11.1686 8.8888
 48  10  0.931 0.889 -0.349 -0.434 -0.426   12.2398 11.0394 8.8554
 49  10  1.059 0.751 0.367 -0.498 -0.678   11.8739 10.7280 8.5985
 50  10  1.261 1.852 0.286 -0.732 -0.810   12.1684 10.9987 8.9387
 51  10  1.161 1.506 -0.545 -0.642 -0.690   12.2070 11.0126 8.9283
 52  10  1.150 0.861 0.475 -0.600 -0.745   12.2978 11.2250 9.0489
 53  10  1.005 1.462 0.771 -0.495 -0.523   12.1732 10.9808 8.7953
 54  10  1.075 1.572 0.797 -0.565 -0.593   11.9173 10.7820 8.6211
 55  10  1.175 1.736 0.820 -0.659 -0.703   12.3057 11.1104 8.8582
 56  10  1.306 1.957 0.947 -0.791 -0.831   12.3202 11.1115 8.8071
 57  10  0.470 0.366 0.460 0.026 0.040   14.1044 12.8701 10.6720
 58  10  0.724 -0.519 0.851 -0.235 -0.200   13.6070 12.3631 10.0686
 59  10  0.957 1.697 0.025 -0.420 -0.519   12.5564 11.3775 9.3330
 60  10  1.068 1.305 -0.048 -0.552 -0.593   11.8010 10.6823 8.7036
 61  10  0.918 0.265 0.569 -0.383 -0.490   12.4140 11.2644 8.9915
 62  10  1.177 2.019 0.776 -0.657 -0.713   11.9568 10.7568 8.6182
 63  10  1.331 1.996 0.895 -0.814 -0.860   12.6272 11.3184 8.9656
 64  10  1.055 1.957 -0.609 -0.492 -0.656   12.2834 11.0482 8.9711
 65  10  1.085 1.532 0.286 -0.568 -0.615   11.7712 10.6322 8.4206
 66  10  1.050 1.438 0.290 -0.533 -0.578   12.0085 10.8298 8.6486
 67  10  1.279 1.970 0.578 -0.745 -0.838   12.2222 10.9916 8.7668
 68  10  0.876 1.154 -0.634 -0.362 -0.400   12.5077 11.3369 9.3083
 69  10  0.779 0.282 0.557 -0.263 -0.312   12.7506 11.5309 9.4052
 70  10  1.233 1.736 0.217 -0.706 -0.778   12.2649 11.0651 8.9687
 71  10  1.210 1.868 -0.403 -0.659 -0.791   12.3012 11.0732 9.0101
 72  10  1.185 1.712 0.281 -0.657 -0.730   12.2205 11.0247 8.7845
 73  10  1.099 1.786 0.390 -0.571 -0.647   11.8251 10.6182 8.4700
 74  10  0.692 0.591 0.408 -0.172 -0.230   13.0523 11.8406 9.6512
 75  10  1.230 1.840 0.708 -0.706 -0.771   12.1275 10.9185 8.8037
 76  10  0.953 1.296 0.883 -0.450 -0.460   12.2065 11.0458 8.8571
 77  10  0.885 1.319 0.724 -0.378 -0.397   12.0907 10.8938 8.7918
 78  10  1.233 1.842 -0.234 -0.689 -0.803   12.2162 11.0361 8.8734
 79  10  1.264 1.796 0.565 -0.744 -0.796   12.2132 11.0121 8.8905
 80  10  1.569 2.352 0.282 -1.024 -1.145   13.1269 11.7770 9.3519
 81  10  0.801 1.356 0.062 -0.262 -0.366   12.5624 11.4303 9.4605
 82  10  1.464 2.020 0.654 -0.943 -0.999   12.8779 11.6822 9.3641
 83  10  0.737 0.704 0.531 -0.227 -0.255   12.5416 11.4257 9.4031
 84  10  0.972 1.231 0.140 -0.398 -0.610   12.4902 11.2962 9.1274
 85  10  1.191 1.701 0.836 -0.678 -0.713   12.4359 11.2055 8.9145
 86  10  1.006 1.724 0.668 -0.489 -0.538   11.8411 10.6654 8.6533
 87  10  0.907 0.384 0.402 -0.342 -0.556   12.3655 11.1503 8.8937
 88  10  1.062 1.101 0.234 -0.493 -0.696   12.0312 10.8531 8.5755
 89  10  0.964 0.286 0.635 -0.437 -0.515   12.3269 11.1420 8.9318
 90  10  0.841 0.103 0.645 -0.323 -0.376   12.8196 11.5872 9.3251
 91  10  1.043 1.664 0.188 -0.511 -0.599   12.2627 11.0512 8.8975
 92  10  1.844 1.893 -1.632 -1.341 -1.347   14.2349 12.7636 10.2751
 93  10  1.199 1.826 0.770 -0.674 -0.745   12.2101 11.0028 8.7503
 94  10  0.740 0.415 0.483 -0.223 -0.272   12.9320 11.7889 9.6363
 95  10  1.117 0.767 0.460 -0.566 -0.712   12.1366 10.9370 8.6530
 96  10  0.782 0.940 0.424 -0.261 -0.319   12.3447 11.1713 9.1462
 97  10  1.197 1.841 -0.654 -0.647 -0.775   12.0999 10.8738 8.8128
 98  10  0.863 1.333 -1.110 -0.310 -0.439   12.4458 11.2479 9.1990
 99  10  1.152 1.513 0.386 -0.634 -0.681   11.9082 10.7505 8.5512
100  10  0.798 1.403 -0.111 -0.251 -0.375   12.5598 11.3884 9.3246
---------------------------------------------------------------
AVG  10  1.092 1.411 0.310 -0.564 -0.642   12.3987 11.2040 9.0328
MIN  10  0.470 -0.519 -1.632 -1.341 -1.347   11.7651 10.6182 8.4126
MAX  10  1.844 2.383 1.247 0.026 0.040   14.2349 12.8701 10.6720

  # Samp Profile                         DE76    De94   DL
---------------------------------------------------------------
  1  30  1.043 1.619 0.420 -0.521 -0.582   12.5437 11.4102 9.2588
  2  30  1.288 1.725 0.569 -0.754 -0.846   12.4484 11.3422 9.0357
  3  30  1.177 1.463 0.283 -0.648 -0.726   11.6114 10.4691 8.3591
  4  30  1.182 1.363 0.655 -0.651 -0.736   12.0556 11.0104 9.0662
  5  30  1.277 1.752 0.494 -0.732 -0.858   11.9317 10.7705 8.2942
  6  30  0.860 1.172 0.645 -0.353 -0.372   12.7907 11.5679 9.3468
  7  30  1.037 1.135 0.222 -0.490 -0.620   11.3963 10.0557 7.8145
  8  30  1.151 1.414 0.076 -0.600 -0.736   11.8410 10.6382 8.3128
  9  30  1.081 1.397 0.420 -0.552 -0.631   11.9489 10.8553 8.7032
 10  30  1.121 1.577 0.577 -0.592 -0.673   11.9650 10.7366 8.4587
 11  30  0.967 1.020 0.494 -0.451 -0.492   11.6533 10.5278 8.2713
 12  30  0.913 1.180 0.252 -0.381 -0.468   12.1415 11.0313 9.1796
 13  30  0.926 0.920 0.376 -0.404 -0.467   11.8721 10.8926 9.0439
 14  30  1.073 1.611 0.344 -0.548 -0.615   11.8048 10.6201 8.5953
 15  30  1.117 1.323 0.585 -0.586 -0.673   12.4942 11.2055 8.8733
 16  30  1.017 1.158 0.247 -0.465 -0.611   11.7122 10.5282 8.1641
 17  30  1.002 1.445 0.367 -0.479 -0.542   12.7409 11.4489 9.0109
 18  30  0.981 1.433 -0.455 -0.444 -0.540   11.5479 10.3488 8.3043
 19  30  1.011 1.423 0.497 -0.484 -0.556   12.4869 11.1783 8.8442
 20  30  1.128 1.367 0.421 -0.599 -0.678   12.1108 11.0298 9.0206
 21  30  0.933 1.479 0.412 -0.412 -0.468   12.9966 11.7155 9.4480
 22  30  0.965 1.269 0.567 -0.445 -0.501   12.4722 11.3353 9.3734
 23  30  1.228 1.713 0.853 -0.709 -0.763   12.5201 11.2551 8.8985
 24  30  1.278 1.424 0.424 -0.730 -0.861   12.4894 11.3365 9.1935
 25  30  1.258 1.709 0.479 -0.724 -0.815   12.3515 11.1104 8.7798
 26  30  0.964 1.485 0.227 -0.434 -0.515   12.4104 11.2636 9.0803
 27  30  0.866 1.188 -0.020 -0.330 -0.429   12.3024 11.2922 9.4400
 28  30  1.019 1.154 0.387 -0.482 -0.582   11.8747 10.7264 8.4813
 29  30  0.971 1.196 0.404 -0.449 -0.506   12.7600 11.6004 9.5140
 30  30  1.315 1.420 0.804 -0.789 -0.860   12.1023 10.9498 8.8150
 31  30  0.991 1.716 0.071 -0.450 -0.560   12.1958 11.0584 9.0908
 32  30  1.243 1.306 0.366 -0.676 -0.870   12.2752 11.0848 8.6095
 33  30  1.119 1.687 0.463 -0.595 -0.661   12.1052 10.8276 8.6332
 34  30  0.917 1.339 0.246 -0.398 -0.449   12.6572 11.4872 9.3213
 35  30  1.267 1.448 0.554 -0.735 -0.823   11.9871 10.7682 8.5580
 36  30  1.226 1.755 0.870 -0.709 -0.758   12.4660 11.0993 8.7484
 37  30  1.101 1.054 0.304 -0.555 -0.681   11.5568 10.3963 8.0641
 38  30  0.987 1.275 0.262 -0.443 -0.566   10.8013 9.7613 7.9654
 39  30  1.153 1.248 0.448 -0.609 -0.731   11.5997 10.4990 8.1183
 40  30  1.130 1.735 0.098 -0.583 -0.711   12.1278 10.9821 8.6737
 41  30  0.983 1.112 0.428 -0.456 -0.530   12.3777 11.2567 9.0106
 42  30  1.189 1.614 0.412 -0.669 -0.722   12.0389 10.8977 8.6467
 43  30  1.016 1.172 0.449 -0.498 -0.544   12.6681 11.5361 9.4846
 44  30  1.083 1.380 0.432 -0.566 -0.614   12.1793 10.9878 8.9618
 45  30  1.255 1.824 0.413 -0.715 -0.823   12.2234 10.9795 8.6200
 46  30  1.077 1.225 0.108 -0.547 -0.627   11.9372 10.7629 8.6108
 47  30  0.960 1.427 0.427 -0.439 -0.496   12.4035 11.1555 9.0304
 48  30  0.896 1.051 0.450 -0.371 -0.444   11.6250 10.5034 8.4645
 49  30  1.096 1.269 0.340 -0.548 -0.681   11.4543 10.4747 8.5646
 50  30  1.160 1.274 0.418 -0.617 -0.737   11.4628 10.1089 7.7059
 51  30  1.085 1.584 0.323 -0.547 -0.651   11.8567 10.6964 8.5067
 52  30  1.353 1.896 0.367 -0.824 -0.901   12.2247 11.1787 9.2534
 53  30  1.217 1.684 0.560 -0.692 -0.758   12.0301 10.9042 8.6342
 54  30  1.175 1.062 0.274 -0.627 -0.757   11.9974 10.7594 8.4758
 55  30  1.056 1.562 0.638 -0.539 -0.587   12.0452 10.8584 8.7213
 56  30  1.097 1.368 0.247 -0.576 -0.632   11.9136 10.8486 8.8473
 57  30  0.986 1.614 0.344 -0.456 -0.540   12.5328 11.3498 9.2448
 58  30  1.299 1.915 0.618 -0.765 -0.858   12.1461 11.0445 8.7760
 59  30  1.233 1.532 0.238 -0.709 -0.772   11.8223 10.7463 8.6927
 60  30  1.318 1.676 -0.125 -0.772 -0.891   11.8879 10.8908 8.8751
 61  30  1.337 1.877 0.497 -0.802 -0.896   12.6670 11.5170 9.3590
 62  30  1.139 1.562 0.392 -0.610 -0.688   11.6455 10.6194 8.4887
 63  30  1.152 1.700 0.526 -0.622 -0.703   12.2466 10.9545 8.7004
 64  30  1.021 1.596 0.238 -0.491 -0.572   12.0819 10.7940 8.6632
 65  30  1.163 1.428 0.215 -0.626 -0.729   11.2917 10.1243 7.8602
 66  30  1.176 1.680 0.572 -0.655 -0.711   12.0959 10.9769 8.6191
 67  30  1.040 0.925 0.346 -0.499 -0.613   11.7959 10.6810 8.5630
 68  30  0.995 1.412 -0.139 -0.438 -0.592   12.4066 11.3472 9.4965
 69  30  1.095 1.616 0.400 -0.570 -0.636   12.0911 10.9850 8.9495
 70  30  1.202 1.661 0.413 -0.656 -0.783   11.7941 10.6282 8.5059
 71  30  1.165 1.318 0.257 -0.604 -0.777   12.0408 10.9513 9.0508
 72  30  1.003 1.442 0.375 -0.485 -0.535   12.0929 10.9932 9.0980
 73  30  1.056 1.533 0.148 -0.529 -0.600   12.4853 11.2065 9.1127
 74  30  0.981 1.230 0.448 -0.445 -0.547   11.3153 10.1473 7.7305
 75  30  1.029 1.065 0.320 -0.487 -0.602   12.3373 11.1013 8.9439
 76  30  1.091 1.402 -0.210 -0.559 -0.641   11.7043 10.5287 8.5907
 77  30  1.081 1.421 0.190 -0.535 -0.660   12.2265 11.0470 8.9837
 78  30  0.993 1.138 0.296 -0.434 -0.608   12.0244 10.8777 8.5823
 79  30  1.198 1.701 0.587 -0.678 -0.732   11.9101 10.7749 8.7248
 80  30  1.070 1.512 0.426 -0.542 -0.618   11.3501 10.1757 8.0888
 81  30  0.845 0.849 0.251 -0.308 -0.410   12.1494 10.9612 8.9137
 82  30  1.005 1.359 0.494 -0.488 -0.534   12.1874 11.1211 9.1633
 83  30  1.206 1.469 0.496 -0.670 -0.768   11.8702 10.7729 8.6474
 84  30  1.006 1.455 0.614 -0.489 -0.537   12.4215 11.2129 9.0562
 85  30  0.993 1.407 0.591 -0.474 -0.527   11.4312 10.1979 7.8465
 86  30  1.153 1.580 0.745 -0.630 -0.694   12.2404 11.1133 8.9020
 87  30  1.069 1.246 0.518 -0.548 -0.604   11.5264 10.4067 8.2278
 88  30  1.250 1.624 0.167 -0.717 -0.804   12.3816 11.2163 8.9640
 89  30  1.235 1.800 0.535 -0.707 -0.783   12.7934 11.4637 9.0785
 90  30  1.182 1.313 0.545 -0.643 -0.752   13.1060 11.7883 9.3605
 91  30  0.978 1.376 0.044 -0.452 -0.521   11.8033 10.5121 8.1712
 92  30  1.119 1.344 -0.252 -0.561 -0.709   12.5914 11.2904 8.9883
 93  30  1.068 1.543 0.751 -0.555 -0.590   11.9406 10.7826 8.6193
 94  30  1.127 1.547 0.085 -0.583 -0.698   11.6621 10.5676 8.6251
 95  30  1.042 1.205 0.105 -0.498 -0.616   11.5759 10.5376 8.3744
 96  30  0.889 1.155 0.144 -0.354 -0.448   12.5682 11.4438 9.4425
 97  30  0.774 0.829 0.359 -0.251 -0.315   12.8716 11.5901 9.6648
 98  30  1.214 1.731 0.360 -0.682 -0.769   11.9662 10.8701 8.9675
 99  30  0.960 1.010 0.280 -0.408 -0.557   11.6909 10.4978 8.3453
100  30  1.107 1.495 0.543 -0.580 -0.654   12.2203 11.0182 8.8284
---------------------------------------------------------------
AVG  30  1.090 1.419 0.367 -0.558 -0.646   12.0858 10.9195 8.7619
MIN  30  0.774 0.829 -0.455 -0.824 -0.901   10.8013 9.7613 7.7059
MAX  30  1.353 1.915 0.870 -0.251 -0.315   13.1060 11.7883 9.6648

  # Samp Profile                         DE76    De94   DL
---------------------------------------------------------------
  1  90  1.023 1.335 0.487 -0.507 -0.549   13.1200 12.1694 11.1389
  2  90  1.038 1.351 0.385 -0.505 -0.595   15.1754 14.1123 12.3062
  3  90  1.085 1.408 0.389 -0.564 -0.624   12.0850 10.4090 7.8571
  4  90  1.067 1.348 0.464 -0.545 -0.605   12.5849 11.2333 8.9874
  5  90  1.099 1.491 0.465 -0.571 -0.646   12.5620 11.6037 9.0334
  6  90  1.071 1.533 0.390 -0.538 -0.630   10.7403 10.2358 9.2081
  7  90  1.072 1.556 0.485 -0.549 -0.612   13.9842 12.6781 10.3129
  8  90  1.079 1.357 0.309 -0.534 -0.658   13.6183 12.3354 9.7752
  9  90  1.029 1.406 0.338 -0.506 -0.567   12.6730 11.6959 9.9760
 10  90  1.112 1.494 0.360 -0.577 -0.672   13.6480 11.9624 10.1528
 11  90  1.029 1.318 0.312 -0.496 -0.586   13.0138 12.2108 11.1315
 12  90  1.091 1.577 0.430 -0.561 -0.641   14.0333 12.5737 10.2947
 13  90  1.064 1.579 0.597 -0.539 -0.608   12.0267 11.4286 10.3327
 14  90  1.080 1.264 0.181 -0.562 -0.610   9.7278 8.5723 6.0389
 15  90  1.017 1.343 0.214 -0.471 -0.599   11.4783 10.5479 8.6350
 16  90  1.016 1.485 0.472 -0.491 -0.561   13.9611 12.8040 11.4664
 17  90  1.016 1.136 -0.068 -0.419 -0.694   9.6957 8.8759 7.0036
 18  90  1.118 1.436 0.341 -0.598 -0.654   10.6089 9.9208 8.8534
 19  90  1.038 1.312 0.347 -0.503 -0.599   11.8942 10.6314 8.8134
 20  90  1.076 1.503 0.415 -0.552 -0.618   11.8906 10.9624 8.8646
 21  90  1.073 1.441 0.469 -0.546 -0.619   9.7641 9.4633 8.5368
 22  90  1.034 1.456 0.482 -0.515 -0.567   12.2318 11.2519 8.5506
 23  90  1.049 1.392 0.277 -0.507 -0.621   13.5830 12.4926 9.8028
 24  90  1.110 1.496 0.580 -0.585 -0.652   12.8607 11.7054 9.5959
 25  90  1.035 1.437 0.477 -0.503 -0.594   11.6547 10.3272 7.6429
 26  90  1.038 1.490 0.374 -0.498 -0.607   10.6615 9.7282 7.2582
 27  90  1.112 1.561 0.585 -0.593 -0.646   11.6902 10.7635 8.4869
 28  90  1.021 1.407 0.550 -0.500 -0.558   10.3536 8.4796 6.0618
 29  90  1.051 1.422 0.301 -0.517 -0.611   11.9444 10.5201 7.3962
 30  90  1.043 1.453 0.354 -0.521 -0.579   11.0660 9.8626 6.2846
 31  90  1.051 1.232 0.167 -0.498 -0.646   14.9826 13.3862 11.0271
 32  90  1.006 1.248 0.315 -0.472 -0.563   13.2096 11.9742 9.1122
 33  90  1.053 1.375 0.220 -0.518 -0.612   12.3915 10.9975 7.2963
 34  90  1.061 1.445 0.547 -0.537 -0.603   11.5358 10.8642 9.9836
 35  90  1.135 1.264 0.071 -0.584 -0.723   11.2701 9.9642 7.7626
 36  90  1.095 1.621 0.621 -0.575 -0.631   13.4250 12.2528 9.3467
 37  90  1.056 1.540 0.514 -0.536 -0.590   12.6191 11.6750 10.3738
 38  90  1.089 1.619 0.530 -0.564 -0.633   10.4925 9.1841 7.8617
 39  90  1.000 1.354 0.398 -0.466 -0.558   13.3615 12.0101 10.8076
 40  90  1.080 1.472 0.487 -0.540 -0.652   11.2948 10.3133 9.2559
 41  90  1.067 1.548 0.518 -0.543 -0.610   12.0571 10.7757 8.5553
 42  90  1.062 1.335 0.487 -0.541 -0.598   13.5001 12.8696 11.0848
 43  90  1.032 1.359 0.178 -0.502 -0.582   9.8512 8.4863 6.0555
 44  90  1.137 1.331 0.163 -0.586 -0.724   11.8508 10.9018 9.8327
 45  90  1.005 1.287 0.357 -0.475 -0.556   11.9030 10.9884 9.5777
 46  90  1.113 1.493 0.504 -0.582 -0.669   12.4202 11.3681 8.9754
 47  90  1.032 1.426 0.531 -0.508 -0.574   12.7397 10.9817 8.9163
 48  90  1.048 1.525 0.497 -0.521 -0.596   11.8413 10.7018 7.7156
 49  90  1.070 1.417 0.410 -0.538 -0.626   11.2449 10.3436 8.9468
 50  90  1.039 1.488 0.560 -0.516 -0.581   11.9567 10.8713 9.2556
 51  90  1.042 1.351 0.414 -0.511 -0.597   11.0582 10.1171 8.4954
 52  90  1.060 1.295 0.352 -0.523 -0.626   10.9673 9.6248 6.8079
 53  90  1.051 1.399 0.328 -0.514 -0.615   13.2642 11.5841 8.0136
 54  90  1.070 1.490 0.639 -0.548 -0.608   14.0422 13.0153 10.4904
 55  90  1.089 1.581 0.510 -0.565 -0.631   15.8809 14.9135 11.7995
 56  90  1.061 1.445 0.576 -0.541 -0.596   11.1656 9.9843 6.7302
 57  90  1.073 1.615 0.583 -0.552 -0.611   13.5244 12.0967 9.0931
 58  90  1.090 1.339 0.236 -0.552 -0.655   11.7317 10.5752 8.8965
 59  90  1.044 1.402 0.377 -0.510 -0.604   12.4649 10.5979 8.2590
 60  90  1.044 1.506 0.531 -0.516 -0.593   14.3960 13.2351 11.1404
 61  90  1.050 1.360 0.388 -0.518 -0.605   10.4150 9.0995 7.0889
 62  90  1.101 1.407 0.337 -0.568 -0.658   12.1555 11.3801 9.8357
 63  90  1.065 1.505 0.469 -0.538 -0.611   10.3906 8.8289 6.2602
 64  90  1.107 1.437 0.316 -0.580 -0.653   12.8591 11.5945 9.0496
 65  90  1.096 1.581 0.634 -0.573 -0.637   9.9736 8.9505 6.9648
 66  90  1.084 1.477 0.482 -0.556 -0.631   12.9803 11.5075 9.3832
 67  90  1.079 1.361 0.376 -0.553 -0.623   11.5939 10.8366 8.8261
 68  90  1.007 1.539 0.510 -0.485 -0.545   10.7562 9.9211 8.2190
 69  90  1.086 1.340 0.359 -0.552 -0.643   13.2456 11.6815 8.8849
 70  90  1.065 1.275 0.213 -0.519 -0.646   11.0320 9.7445 7.4880
 71  90  1.003 1.471 0.457 -0.478 -0.549   10.1913 9.4429 7.4757
 72  90  1.052 1.233 0.231 -0.507 -0.631   12.8585 10.7030 8.3646
 73  90  1.045 1.505 0.424 -0.510 -0.605   12.6342 10.5222 8.0054
 74  90  1.064 1.479 0.480 -0.543 -0.601   13.3868 12.6757 10.7957
 75  90  1.106 1.285 0.126 -0.569 -0.669   13.0263 12.3321 11.3614
 76  90  1.033 1.464 0.521 -0.508 -0.578   13.1105 11.7056 7.4723
 77  90  1.031 1.504 0.473 -0.508 -0.571   10.9910 9.6259 7.8870
 78  90  1.005 1.266 0.258 -0.457 -0.589   11.9938 10.8238 8.2240
 79  90  1.037 1.453 0.452 -0.505 -0.594   12.3461 10.8519 7.8131
 80  90  1.060 1.316 0.381 -0.525 -0.620   14.2752 13.3156 11.2821
 81  90  1.060 1.413 0.584 -0.539 -0.597   11.2345 10.2067 7.7868
 82  90  1.101 1.312 0.106 -0.556 -0.677   11.6257 10.4385 9.1225
 83  90  1.092 1.404 0.177 -0.538 -0.687   11.1131 10.2148 8.2236
 84  90  1.066 1.374 0.267 -0.543 -0.605   13.2635 11.9400 8.5435
 85  90  1.080 1.389 0.453 -0.546 -0.640   11.6864 10.6935 8.2557
 86  90  1.061 1.397 0.376 -0.527 -0.619   11.9372 10.8261 9.2624
 87  90  1.071 1.355 0.394 -0.539 -0.624   11.4784 10.6982 8.6294
 88  90  1.072 1.393 0.383 -0.544 -0.619   10.2885 9.3449 7.9427
 89  90  1.100 1.316 0.201 -0.561 -0.667   12.8265 11.7524 10.3664
 90  90  1.077 1.230 0.100 -0.527 -0.662   12.7408 11.8485 9.7721
 91  90  1.042 1.254 0.222 -0.509 -0.598   7.9784 7.4240 5.5248
 92  90  1.135 1.259 0.153 -0.581 -0.727   12.7485 12.0214 10.3923
 93  90  1.015 1.418 0.449 -0.490 -0.559   12.4352 11.8516 10.7092
 94  90  1.129 1.397 0.263 -0.596 -0.685   15.5165 14.6566 12.9803
 95  90  1.024 1.339 0.404 -0.489 -0.584   13.6712 12.2722 10.5446
 96  90  1.055 1.386 0.345 -0.529 -0.599   11.1618 10.6134 9.3226
 97  90  1.053 1.293 0.241 -0.531 -0.590   14.6171 13.1012 10.5386
 98  90  1.065 1.471 0.543 -0.540 -0.609   11.7648 10.7391 8.4210
 99  90  1.066 1.442 0.450 -0.535 -0.620   9.6479 9.1376 8.0683
100  90  1.066 1.479 0.409 -0.537 -0.615   13.8234 12.1648 9.0360
---------------------------------------------------------------
AVG  90  1.062 1.412 0.388 -0.531 -0.617   12.1855 11.0570 8.9539
MIN  90  1.000 1.136 -0.068 -0.598 -0.727   7.9784 7.4240 5.5248
MAX  90  1.137 1.621 0.639 -0.419 -0.545   15.8809 14.9135 12.9803

