  # Samp Profile                         DE76    De94   DL
---------------------------------------------------------------
  1   1  -0.943 -0.852 0.295 1.442 1.442   16.2364 14.6968 12.8606
  2   1  0.659 -0.320 0.768 -0.175 -0.121   13.7614 12.1881 10.3248
  3   1  0.659 -0.320 0.768 -0.175 -0.121   13.7614 12.1881 10.3248
  4   1  -1.541 -1.408 -1.385 2.043 2.036   23.0638 21.5109 20.0065
  5   1  0.658 0.702 0.688 -0.160 -0.157   13.6485 12.0456 10.2957
  6   1  0.026 -0.515 1.161 0.358 0.611   10.9774 9.2474 6.9614
  7   1  -0.648 -0.302 -0.107 1.112 1.217   13.7132 12.1015 10.2169
  8   1  -0.163 -1.911 2.491 -0.330 1.671   14.1672 12.0159 8.3741
  9   1  -0.466 -0.996 1.720 0.900 1.063   12.8908 11.0890 8.5723
 10   1  0.631 0.985 -0.653 -0.114 -0.159   13.7033 11.9864 10.1643
 11   1  0.410 0.901 -0.404 0.289 -0.197   13.0757 11.3373 9.3540
 12   1  -0.648 -0.302 -0.107 1.112 1.217   13.7132 12.1015 10.2169
 13   1  0.660 0.088 0.599 -0.156 -0.168   13.6686 12.0902 10.3033
 14   1  -0.314 -0.837 1.559 0.706 0.940   11.8796 10.0841 7.6259
 15   1  0.096 0.713 -0.160 0.444 0.319   11.8080 10.0400 7.7788
 16   1  -0.782 -0.746 -0.551 1.284 1.279   14.8611 13.2888 11.4625
 17   1  -0.494 2.158 -1.841 1.327 0.416   14.2581 12.1636 9.0389
 18   1  -0.250 -0.434 0.026 0.740 0.765   11.4446 9.7158 7.5809
 19   1  0.999 -2.174 2.675 -2.022 2.551   14.9164 12.5040 8.0584
 20   1  0.781 0.331 0.862 -0.287 -0.269   14.6386 13.0635 11.3633
 21   1  0.814 -1.947 2.475 -1.473 1.665   14.3745 12.1997 8.4744
 22   1  0.019 -0.111 0.696 0.472 0.494   11.0110 9.2856 7.1009
 23   1  -0.102 -0.032 0.352 0.606 0.595   11.1378 9.3869 7.2011
 24   1  -0.419 -0.616 1.265 0.892 0.955   12.1251 10.3970 8.1546
 25   1  0.660 0.088 0.599 -0.156 -0.168   13.6686 12.0902 10.3033
 26   1  -0.375 -0.142 0.320 0.895 0.844   11.8339 10.1130 8.0271
 27   1  0.658 0.702 0.688 -0.160 -0.157   13.6485 12.0456 10.2957
 28   1  -0.282 -1.037 1.585 0.663 0.959   12.0667 10.2349 7.6317
 29   1  -0.434 1.273 -0.480 0.936 0.932   12.9853 11.1388 8.6820
 30   1  0.026 -0.515 1.161 0.358 0.611   10.9774 9.2474 6.9614
 31   1  1.117 1.875 -0.236 -0.552 -0.723   17.7825 15.8701 14.1851
 32   1  -1.059 -0.707 0.311 1.512 1.628   17.3328 15.8556 14.2068
 33   1  0.999 -2.174 2.675 -2.022 2.551   14.9164 12.5040 8.0584
 34   1  0.814 -1.947 2.475 -1.473 1.665   14.3745 12.1997 8.4744
 35   1  0.659 -0.320 0.768 -0.175 -0.121   13.7614 12.1881 10.3248
 36   1  -0.648 -0.302 -0.107 1.112 1.217   13.7132 12.1015 10.2169
 37   1  0.429 0.411 0.436 0.071 0.072   12.3161 10.6821 8.7241
 38   1  -0.073 0.555 -0.683 0.597 0.531   11.7727 9.9715 7.6394
 39   1  -0.031 -0.153 0.924 0.518 0.549   10.9653 9.2301 7.0303
 40   1  0.395 -0.847 1.353 -0.569 1.098   11.6603 9.8493 7.2772
 41   1  -0.378 -1.083 1.603 0.778 1.033   12.5553 10.7295 8.1456
 42   1  -0.884 -1.391 0.773 1.224 1.704   17.2237 15.5633 13.5281
 43   1  0.096 0.713 -0.160 0.444 0.319   11.8080 10.0400 7.7788
 44   1  -0.375 -0.142 0.320 0.895 0.844   11.8339 10.1130 8.0271
 45   1  0.093 0.940 -0.293 0.448 0.327   12.0303 10.2344 7.9423
 46   1  -0.976 -0.283 -1.890 1.504 1.430   16.4588 14.9248 13.1530
 47   1  1.964 -2.842 3.340 -2.350 2.545   18.2907 15.5616 10.7483
 48   1  -0.192 -0.042 0.407 0.710 0.667   11.2174 9.4755 7.3255
 49   1  0.410 0.901 -0.404 0.289 -0.197   13.0757 11.3373 9.3540
 50   1  0.252 -0.537 1.055 -0.050 0.692   11.2579 9.5239 7.2275
 51   1  0.568 0.697 0.403 -0.060 -0.080   13.1391 11.5012 9.6608
 52   1  -0.394 -0.746 0.045 0.879 0.919   12.0828 10.3727 8.2693
 53   1  -0.378 -1.083 1.603 0.778 1.033   12.5553 10.7295 8.1456
 54   1  -0.338 -0.951 1.584 0.735 0.981   12.1833 10.3724 7.8360
 55   1  -0.081 -0.563 1.076 0.497 0.701   11.0979 9.3221 6.9667
 56   1  -0.333 -1.030 1.715 0.661 1.029   12.3216 10.4793 7.8508
 57   1  0.186 0.413 0.170 0.316 0.309   11.5580 9.8521 7.7160
 58   1  0.631 0.985 -0.653 -0.114 -0.159   13.7033 11.9864 10.1643
 59   1  1.964 -2.842 3.340 -2.350 2.545   18.2907 15.5616 10.7483
 60   1  0.093 0.940 -0.293 0.448 0.327   12.0303 10.2344 7.9423
 61   1  0.854 -0.372 0.870 -0.363 0.798   12.2029 10.5686 8.4652
 62   1  0.906 -2.588 3.105 -1.719 2.351   15.7192 13.1402 8.3143
 63   1  0.999 -2.174 2.675 -2.022 2.551   14.9164 12.5040 8.0584
 64   1  0.859 -1.559 2.106 -1.018 0.783   14.9848 13.0692 10.2842
 65   1  0.096 0.713 -0.160 0.444 0.319   11.8080 10.0400 7.7788
 66   1  -0.071 1.419 -0.930 0.966 -0.401   13.3130 11.4123 9.0028
 67   1  0.314 -0.487 1.005 0.096 0.329   11.6167 9.9570 7.8094
 68   1  -0.071 1.419 -0.930 0.966 -0.401   13.3130 11.4123 9.0028
 69   1  -0.394 -0.746 0.045 0.879 0.919   12.0828 10.3727 8.2693
 70   1  0.659 -0.320 0.768 -0.175 -0.121   13.7614 12.1881 10.3248
 71   1  -0.618 -1.192 1.939 1.022 1.241   14.1669 12.3589 9.8126
 72   1  -0.333 -1.030 1.715 0.661 1.029   12.3216 10.4793 7.8508
 73   1  -0.033 -0.297 1.057 0.508 0.569   10.9275 9.1829 6.9247
 74   1  -0.333 -1.030 1.715 0.661 1.029   12.3216 10.4793 7.8508
 75   1  0.234 0.005 0.489 0.260 0.277   11.4580 9.7814 7.6918
 76   1  0.252 -0.537 1.055 -0.050 0.692   11.2579 9.5239 7.2275
 77   1  0.093 0.940 -0.293 0.448 0.327   12.0303 10.2344 7.9423
 78   1  0.659 -0.320 0.768 -0.175 -0.121   13.7614 12.1881 10.3248
 79   1  0.302 -0.140 0.662 0.091 0.382   11.4560 9.7993 7.7017
 80   1  0.093 0.940 -0.293 0.448 0.327   12.0303 10.2344 7.9423
 81   1  0.854 -0.372 0.870 -0.363 0.798   12.2029 10.5686 8.4652
 82   1  -0.394 -0.746 0.045 0.879 0.919   12.0828 10.3727 8.2693
 83   1  0.305 1.481 -1.167 0.325 -0.014   13.3486 11.4945 9.2576
 84   1  0.658 0.702 0.688 -0.160 -0.157   13.6485 12.0456 10.2957
 85   1  -0.375 -0.142 0.320 0.895 0.844   11.8339 10.1130 8.0271
 86   1  -0.942 -2.563 3.327 1.174 1.833   19.7204 17.4655 14.2192
 87   1  0.487 0.079 0.455 0.016 0.007   12.4421 10.8663 9.0017
 88   1  0.390 -1.759 2.261 -0.841 1.443   13.1125 11.0087 7.4864
 89   1  0.130 0.403 0.110 0.371 0.369   11.4296 9.7174 7.5368
 90   1  0.659 -0.320 0.768 -0.175 -0.121   13.7614 12.1881 10.3248
 91   1  -0.375 -0.142 0.320 0.895 0.844   11.8339 10.1130 8.0271
 92   1  -0.618 -1.192 1.939 1.022 1.241   14.1669 12.3589 9.8126
 93   1  0.806 -0.022 0.700 -0.298 -0.321   14.9365 13.3830 11.6805
 94   1  -0.344 0.408 -0.199 0.838 0.855   12.0745 10.3169 8.1381
 95   1  -0.149 -0.356 1.103 0.628 0.679   11.0820 9.3217 7.0410
 96   1  0.968 2.995 -1.146 -0.323 -0.722   17.9305 15.7701 13.8955
 97   1  0.913 2.682 -2.709 -0.287 -0.618   17.5277 15.3212 13.3057
 98   1  -0.394 -0.746 0.045 0.879 0.919   12.0828 10.3727 8.2693
 99   1  0.333 -0.807 1.299 -0.273 1.101   11.4037 9.5899 7.0240
100   1  -0.258 -1.602 2.088 -0.010 1.743   14.2321 12.2342 9.0876
---------------------------------------------------------------
AVG   1  0.116 -0.285 0.672 0.232 0.710   13.3363 11.5351 9.1613
MIN   1  -1.541 -2.842 -2.709 -2.350 -0.723   10.9275 9.1829 6.9247
MAX   1  1.964 2.995 3.340 2.043 2.551   23.0638 21.5109 20.0065

  # Samp Profile                         DE76    De94   DL
---------------------------------------------------------------
  1   3  -0.349 1.242 -0.692 0.869 0.812   12.7302 10.8556 8.3498
  2   3  -0.181 -0.250 0.828 0.673 0.693   11.1636 9.3989 7.1816
  3   3  0.505 0.551 0.460 -0.004 -0.009   12.7935 11.1603 9.2622
  4   3  -0.058 1.319 -0.583 0.586 0.508   12.4045 10.5430 8.0661
  5   3  0.221 -0.224 0.675 0.184 0.446   11.1517 9.4522 7.2970
  6   3  -0.156 -0.425 0.761 0.632 0.691   11.1566 9.3927 7.1441
  7   3  0.381 -0.565 1.066 -0.501 1.008   11.3875 9.6576 7.3434
  8   3  0.344 -0.243 0.743 -0.188 0.623   11.3574 9.7151 7.6147
  9   3  0.075 -0.968 1.524 0.083 0.886   11.4380 9.5815 6.8952
 10   3  0.396 -1.576 2.075 -1.139 1.703   12.8641 10.7944 7.2972
 11   3  0.855 0.441 0.403 -0.312 -0.439   15.3972 13.7848 12.1182
 12   3  -0.176 -0.320 0.228 0.667 0.690   11.1915 9.4488 7.2781
 13   3  -0.217 -0.336 0.940 0.702 0.736   11.2195 9.4363 7.1815
 14   3  -0.501 -1.182 1.967 0.904 1.134   13.3931 11.5478 8.9532
 15   3  0.518 -1.540 2.032 -0.754 1.272   12.9162 10.9367 7.7633
 16   3  0.032 0.079 0.397 0.473 0.460   11.1849 9.4523 7.2646
 17   3  0.094 -1.160 1.737 -0.026 0.971   11.8110 9.9058 7.0052
 18   3  0.228 -2.219 2.790 -0.195 1.043   13.7038 11.5206 7.6005
 19   3  0.898 0.429 0.398 -0.338 -0.534   15.8555 14.2505 12.6075
 20   3  0.153 0.257 0.188 0.365 0.325   11.3882 9.6714 7.5167
 21   3  -0.475 -1.146 1.900 0.869 1.117   13.2535 11.4134 8.7805
 22   3  -0.181 -1.499 2.072 0.514 0.953   12.4086 10.4451 7.3902
 23   3  0.472 -2.309 2.443 -0.297 0.733   14.2285 12.1182 8.5588
 24   3  -0.260 -0.325 0.862 0.752 0.772   11.3340 9.5688 7.3542
 25   3  0.545 0.058 0.521 -0.044 -0.046   12.7840 11.2491 9.4219
 26   3  -0.320 -0.010 -0.506 0.826 0.809   11.8895 10.1603 8.0765
 27   3  0.392 -0.444 0.916 0.049 0.212   11.9652 10.3932 8.3596
 28   3  0.549 0.235 0.472 -0.045 -0.058   12.9302 11.3603 9.5410
 29   3  0.089 0.577 -0.076 0.535 -0.069   12.1907 10.4218 8.2418
 30   3  -0.046 -0.226 0.335 0.533 0.567   10.8039 9.1124 6.9489
 31   3  -0.155 -0.711 0.939 0.574 0.776   11.3458 9.5368 7.1528
 32   3  0.952 -1.148 1.641 -0.950 1.575   12.6017 10.7122 7.8011
 33   3  -0.283 -0.644 1.298 0.742 0.841   11.5744 9.7989 7.4771
 34   3  -0.032 0.212 0.171 0.506 0.591   11.2752 9.4996 7.2834
 35   3  0.837 0.770 0.198 -0.268 -0.485   15.1279 13.4802 11.8448
 36   3  0.387 -0.012 0.486 0.094 0.211   11.8497 10.2144 8.1822
 37   3  0.451 -0.167 0.645 -0.013 0.308   11.9551 10.3181 8.2544
 38   3  0.295 -0.748 1.255 -0.275 0.835   11.5667 9.7759 7.3234
 39   3  -0.254 -0.417 -0.026 0.747 0.767   11.6141 9.8552 7.6995
 40   3  0.547 -0.123 0.588 -0.052 -0.034   12.8953 11.3079 9.4351
 41   3  -0.322 -1.303 0.202 0.798 0.865   12.0735 10.3195 8.0178
 42   3  0.338 -0.173 0.655 0.057 0.430   11.4779 9.8316 7.7535
 43   3  0.591 0.063 0.598 -0.093 -0.088   13.1931 11.6407 9.8278
 44   3  0.123 -2.014 2.906 0.050 0.858   13.3789 11.2575 7.5735
 45   3  -0.050 -2.148 2.887 0.104 1.179   13.9002 11.7032 7.7869
 46   3  0.411 -0.176 0.550 0.074 0.119   12.0993 10.4706 8.4498
 47   3  0.747 1.117 -0.149 -0.207 -0.308   14.5960 12.8688 11.1313
 48   3  -0.163 -1.977 2.808 0.269 1.176   13.7249 11.5792 7.8742
 49   3  1.039 1.502 -0.043 -0.495 -0.606   17.0090 15.1730 13.4995
 50   3  0.104 -0.586 0.805 0.362 0.454   11.1123 9.3911 7.1476
 51   3  0.265 0.868 -0.368 0.442 -0.173   12.5425 10.8344 8.7684
 52   3  -0.365 -0.947 1.656 0.773 0.990   12.2786 10.4886 7.9686
 53   3  -0.461 0.080 -0.070 1.019 0.878   12.1658 10.4403 8.3633
 54   3  -0.050 -0.801 1.399 0.334 0.809   11.3371 9.5077 6.9625
 55   3  0.286 -0.293 0.755 0.080 0.545   11.2822 9.5734 7.3995
 56   3  0.014 -0.678 1.337 0.362 0.654   11.0537 9.2795 6.8689
 57   3  -0.072 -1.093 1.696 0.369 0.872   11.7726 9.8864 7.0892
 58   3  0.060 0.926 -0.400 0.570 0.167   12.1988 10.3715 8.0252
 59   3  0.018 0.084 0.363 0.469 0.494   11.1067 9.3633 7.1758
 60   3  -0.595 -0.763 1.323 1.073 1.125   13.2902 11.5931 9.3591
 61   3  -0.403 -1.272 0.734 0.826 1.037   12.7381 10.9775 8.5868
 62   3  -0.293 -1.193 1.771 0.578 1.086   12.5651 10.6729 7.9030
 63   3  0.525 -0.134 0.633 -0.144 0.664   11.6081 9.9354 7.8212
 64   3  0.310 -0.048 0.488 0.172 0.220   11.6327 9.9725 7.9007
 65   3  0.234 -0.370 0.872 0.054 0.625   11.2102 9.4892 7.2650
 66   3  -0.507 -0.595 -0.310 1.002 1.014   12.8439 11.1594 9.1551
 67   3  0.137 -1.162 1.309 0.204 0.690   11.3713 9.5840 6.9790
 68   3  -0.219 -0.274 0.151 0.714 0.727   11.3103 9.5581 7.3888
 69   3  0.513 -1.056 1.566 -0.455 1.076   12.0594 10.2165 7.5057
 70   3  -0.183 -0.712 1.429 0.580 0.807   11.3855 9.5774 7.1219
 71   3  0.358 0.391 0.325 0.143 0.141   12.0020 10.3446 8.3251
 72   3  0.655 -0.094 0.608 -0.155 0.211   12.6009 11.0321 9.1095
 73   3  0.713 1.217 0.029 -0.170 -0.287   14.4483 12.7340 11.0128
 74   3  -0.514 -0.540 1.047 1.011 1.019   12.7213 10.9863 8.8294
 75   3  -0.445 -0.645 1.351 0.923 0.976   12.3556 10.6062 8.3440
 76   3  -0.012 0.001 -0.163 0.513 0.511   11.2671 9.5278 7.3125
 77   3  -0.347 1.427 -0.928 1.304 -0.506   13.2043 11.2706 8.6848
 78   3  0.220 -0.009 0.513 0.266 0.310   11.4776 9.8014 7.7152
 79   3  0.087 0.091 -0.011 0.413 0.412   11.2939 9.5467 7.3395
 80   3  -0.260 0.309 -0.186 0.757 0.766   11.7526 10.0083 7.8309
 81   3  0.629 -0.169 0.654 -0.132 -0.121   13.6089 12.0354 10.1929
 82   3  1.146 -2.168 2.666 -2.078 2.656   15.1171 12.6868 8.1935
 83   3  -0.184 -0.343 0.621 0.574 0.874   11.2017 9.4756 7.2901
 84   3  0.188 -1.940 2.509 -0.493 1.404   13.4025 11.2459 7.4505
 85   3  0.355 -0.738 0.979 0.065 0.319   11.8767 10.1895 7.9880
 86   3  0.279 -0.686 1.155 -0.052 0.708   11.3604 9.6008 7.2344
 87   3  0.163 -0.288 0.813 0.128 0.580   11.0798 9.3508 7.1339
 88   3  0.348 -0.142 0.543 0.137 0.180   11.8714 10.2279 8.1873
 89   3  -0.225 -0.275 -0.023 0.726 0.725   11.2801 9.5147 7.3549
 90   3  0.596 -0.627 0.915 -0.134 -0.013   13.4915 11.9336 9.9991
 91   3  0.131 0.593 -0.022 0.391 0.314   11.6987 9.9289 7.6834
 92   3  0.086 -0.957 1.509 0.180 0.773   11.3608 9.5648 6.9518
 93   3  0.116 -0.482 1.004 -0.008 0.830   10.9768 9.1963 6.8380
 94   3  -0.119 -0.095 0.397 0.619 0.618   11.1517 9.4026 7.2191
 95   3  0.069 -0.382 0.934 0.350 0.550   10.9834 9.2488 6.9922
 96   3  0.121 -0.074 0.406 0.368 0.398   11.1629 9.4363 7.2604
 97   3  -0.554 1.193 -0.490 1.048 1.064   13.3311 11.5005 9.0809
 98   3  0.187 -0.080 0.578 -0.048 0.562   11.2529 9.5281 7.3524
 99   3  0.296 0.415 0.060 0.207 0.198   11.7589 10.1092 8.0588
100   3  -0.072 -0.014 0.424 0.577 0.565   11.0086 9.2417 7.0324
---------------------------------------------------------------
AVG   3  0.126 -0.350 0.798 0.248 0.585   12.2452 10.4724 8.1153
MIN   3  -0.595 -2.309 -0.928 -2.078 -0.606   10.8039 9.1124 6.8380
MAX   3  1.146 1.502 2.906 1.304 2.656   17.0090 15.1730 13.4995

  # Samp Profile                         DE76    De94   DL
---------------------------------------------------------------
  1  10  0.332 -0.484 0.980 -0.041 0.665   11.3270 9.7100 7.5205
  2  10  0.075 -0.219 0.842 0.377 0.489   11.0282 9.3383 7.2262
  3  10  0.069 -0.439 0.999 0.293 0.611   11.3306 9.5114 7.1705
  4  10  -0.043 -0.070 0.021 0.541 0.545   11.1554 9.4045 7.2226
  5  10  -0.135 -0.519 1.130 0.537 0.746   11.1167 9.3513 7.0135
  6  10  -0.010 -0.313 0.921 0.472 0.565   11.2235 9.4492 7.1902
  7  10  -0.283 -0.328 -0.006 0.780 0.788   11.5630 9.8667 7.8652
  8  10  -0.020 0.256 -0.104 0.522 0.518   11.0756 9.3305 7.0929
  9  10  0.140 -0.862 1.367 -0.754 1.224   11.5228 9.6639 7.0206
 10  10  0.018 -0.428 0.963 0.399 0.604   11.0446 9.3165 7.0635
 11  10  -0.135 -0.334 1.082 0.618 0.660   10.9705 9.2159 6.9663
 12  10  0.138 -0.160 0.645 0.324 0.428   11.2514 9.5475 7.4183
 13  10  0.561 0.676 0.155 -0.017 -0.152   13.4106 11.7733 9.9343
 14  10  -0.142 -0.829 0.789 0.569 0.765   11.1193 9.3917 7.0955
 15  10  0.018 -0.331 0.851 0.285 0.660   10.7829 9.0562 6.8207
 16  10  0.375 -0.134 0.576 0.096 0.187   11.8329 10.2386 8.2417
 17  10  0.224 0.007 0.476 0.271 0.285   11.5739 9.8200 7.6611
 18  10  0.249 -0.237 0.746 0.112 0.491   10.9633 9.3217 7.2399
 19  10  0.451 0.140 0.401 0.055 0.037   12.4894 10.8882 8.9936
 20  10  -0.370 -1.020 1.785 0.765 1.009   12.6688 10.8510 8.2645
 21  10  -0.163 -0.540 1.265 0.611 0.730   11.1771 9.4395 7.1284
 22  10  -0.156 -0.178 0.720 0.653 0.660   11.0437 9.3134 7.1116
 23  10  -0.251 -0.233 0.444 0.752 0.749   11.4488 9.6638 7.4672
 24  10  0.383 0.400 0.074 0.119 0.115   12.3402 10.6926 8.6879
 25  10  -0.260 -0.391 -0.045 0.751 0.775   11.0138 9.3180 7.1962
 26  10  -0.033 -0.330 0.974 0.487 0.592   11.1150 9.3609 7.1102
 27  10  -0.156 -0.232 0.890 0.650 0.665   11.1655 9.3329 7.0596
 28  10  -0.184 -0.417 1.169 0.664 0.714   10.8834 9.2740 7.1319
 29  10  0.005 -0.082 0.662 0.483 0.511   10.7013 9.0116 6.8429
 30  10  -0.213 -0.104 -0.284 0.712 0.715   11.5789 9.8248 7.7345
 31  10  -0.061 -0.316 0.895 0.483 0.643   10.8145 9.0229 6.7812
 32  10  -0.191 -0.764 1.391 0.591 0.826   11.6517 9.7827 7.3271
 33  10  0.105 0.339 0.129 0.393 0.399   11.4453 9.7394 7.5155
 34  10  0.158 -0.293 0.818 0.220 0.519   11.0413 9.3679 7.1946
 35  10  0.140 0.063 0.051 0.365 0.353   11.2445 9.5475 7.3906
 36  10  -0.254 -0.544 0.492 0.736 0.782   11.4118 9.6884 7.5631
 37  10  -0.125 -0.185 0.499 0.623 0.626   10.7932 9.1381 7.0940
 38  10  0.014 -0.162 0.738 0.464 0.512   10.8279 9.0874 6.8819
 39  10  -0.235 -0.197 -0.356 0.735 0.735   11.5129 9.7791 7.6661
 40  10  0.139 0.022 0.539 0.354 0.369   11.2652 9.5605 7.3810
 41  10  0.078 -0.066 0.741 0.406 0.444   11.1744 9.3962 7.1586
 42  10  0.413 -0.408 0.833 -0.008 0.349   11.8431 10.1687 8.0898
 43  10  0.227 -0.281 0.786 0.104 0.535   11.1897 9.5264 7.3745
 44  10  0.138 -0.626 1.113 0.145 0.759   11.1363 9.4065 7.0512
 45  10  -0.181 -0.231 0.964 0.677 0.686   11.2495 9.4606 7.2395
 46  10  -0.063 -0.155 0.346 0.555 0.574   11.0386 9.2965 7.0840
 47  10  0.333 -0.171 0.606 0.118 0.285   11.6631 10.0188 7.9358
 48  10  0.423 0.069 0.429 0.076 0.079   12.3143 10.7325 8.8112
 49  10  -0.289 -0.450 1.209 0.779 0.805   11.7958 9.9935 7.7020
 50  10  0.074 -0.337 0.883 0.340 0.549   11.1763 9.4200 7.1444
 51  10  0.403 0.666 -0.175 0.240 -0.045   12.5313 10.7598 8.6756
 52  10  -0.181 0.131 -0.209 0.680 0.683   11.4226 9.5938 7.3525
 53  10  -0.115 -0.577 1.205 0.536 0.721   11.1111 9.3349 7.0116
 54  10  -0.021 -0.198 0.268 0.512 0.537   11.3325 9.5653 7.3458
 55  10  0.059 -0.102 0.692 0.408 0.479   11.1163 9.3977 7.2075
 56  10  -0.307 -0.447 0.319 0.796 0.822   11.3181 9.5276 7.3070
 57  10  0.070 0.020 0.609 0.430 0.431   10.6415 9.0805 7.0111
 58  10  0.120 0.012 0.490 0.027 0.463   11.2663 9.5065 7.2959
 59  10  -0.061 -0.372 0.046 0.556 0.569   10.8445 9.1894 7.0349
 60  10  -0.018 -0.453 1.081 0.439 0.624   10.9519 9.2702 6.9985
 61  10  -0.175 -0.509 1.168 0.621 0.744   11.2733 9.4607 7.1096
 62  10  -0.171 -0.796 1.440 0.557 0.824   11.6029 9.8512 7.3745
 63  10  0.020 -0.280 0.859 0.396 0.567   11.0034 9.2020 6.9040
 64  10  -0.071 -0.188 0.304 0.560 0.589   11.0928 9.3500 7.1826
 65  10  -0.111 -0.128 0.127 0.609 0.612   10.9314 9.1786 6.9866
 66  10  0.144 0.369 0.290 0.346 0.372   11.4091 9.6977 7.4995
 67  10  0.214 0.056 0.510 0.274 0.305   11.2938 9.6127 7.5375
 68  10  -0.168 -0.718 1.274 0.605 0.761   11.3056 9.5338 7.1752
 69  10  0.130 -0.021 0.634 0.354 0.392   11.0064 9.2719 7.1176
 70  10  -0.025 -0.774 1.314 0.354 0.775   11.2623 9.5720 7.1088
 71  10  -0.111 0.625 -0.007 0.604 0.624   11.7479 9.9664 7.6659
 72  10  0.381 -0.026 0.525 0.047 0.495   11.5073 9.8906 7.8674
 73  10  0.470 -0.642 1.139 -0.242 0.851   11.4127 9.7373 7.3639
 74  10  0.122 0.378 0.125 0.378 0.379   11.4003 9.7213 7.5943
 75  10  0.151 -0.871 1.357 0.021 0.894   11.2834 9.5324 6.9799
 76  10  0.165 -0.007 0.526 0.305 0.377   11.5330 9.8073 7.6797
 77  10  -0.069 -0.418 1.074 0.527 0.628   11.0890 9.3798 7.1121
 78  10  -0.090 -0.087 0.488 0.588 0.591   10.9656 9.1885 6.9619
 79  10  0.071 0.007 0.650 0.423 0.437   11.2764 9.5784 7.4212
 80  10  -0.265 -0.528 0.995 0.747 0.793   11.3488 9.5572 7.2611
 81  10  0.318 -0.253 0.752 0.066 0.357   11.8696 10.2088 8.1371
 82  10  -0.259 -0.736 1.374 0.681 0.861   11.4832 9.6884 7.3111
 83  10  -0.141 -0.318 1.007 0.620 0.669   11.2608 9.4427 7.1693
 84  10  0.405 -0.339 0.805 0.002 0.300   11.7932 10.2172 8.2152
 85  10  0.197 -0.922 1.445 0.071 0.712   11.4558 9.7571 7.2496
 86  10  0.019 -0.184 0.740 0.471 0.498   11.1169 9.3745 7.1957
 87  10  -0.068 -0.096 0.598 0.566 0.571   11.2047 9.4945 7.3056
 88  10  -0.129 -0.448 1.128 0.584 0.690   11.2775 9.4884 7.1777
 89  10  -0.010 -0.305 0.944 0.463 0.571   11.0637 9.2805 7.0559
 90  10  0.136 0.626 -0.024 0.382 0.325   11.8562 10.1332 7.9011
 91  10  -0.448 -0.649 1.100 0.934 0.969   12.2929 10.5304 8.3610
 92  10  0.008 -0.221 0.347 0.479 0.515   10.7926 9.0889 6.8795
 93  10  0.056 -0.721 1.263 0.202 0.765   10.9830 9.2797 6.8598
 94  10  -0.111 -0.342 0.659 0.584 0.651   10.5219 8.9025 6.7072
 95  10  -0.287 -0.619 1.227 0.742 0.845   11.5676 9.7571 7.3806
 96  10  0.005 -0.490 1.154 0.441 0.574   10.8992 9.2988 7.0558
 97  10  0.338 -0.132 0.584 0.104 0.321   11.8194 10.0927 7.9198
 98  10  -0.006 -0.109 0.751 0.498 0.518   10.6674 8.9820 6.8094
 99  10  -0.041 -0.531 1.238 0.471 0.637   11.0201 9.3293 6.9718
100  10  0.791 1.216 0.130 -0.247 -0.363   15.1382 13.4034 11.7134
---------------------------------------------------------------
AVG  10  0.027 -0.239 0.699 0.411 0.565   11.3687 9.6448 7.4340
MIN  10  -0.448 -1.020 -0.356 -0.754 -0.363   10.5219 8.9025 6.7072
MAX  10  0.791 1.216 1.785 0.934 1.224   15.1382 13.4034 11.7134

  # Samp Profile                         DE76    De94   DL
---------------------------------------------------------------
  1  30  -0.045 -0.329 0.855 0.502 0.606   11.1735 9.4146 7.2099
  2  30  0.073 -0.185 0.685 0.379 0.499   11.5646 9.7429 7.4871
  3  30  -0.103 -0.559 0.946 0.565 0.663   10.6348 8.8368 6.5659
  4  30  0.087 -0.489 0.976 0.296 0.599   11.1682 9.4177 7.0703
  5  30  -0.103 -0.248 0.627 0.592 0.621   10.4972 8.7981 6.4928
  6  30  0.021 -0.160 0.447 0.453 0.517   11.1748 9.3571 7.1772
  7  30  -0.017 -0.365 0.913 0.464 0.593   10.5795 8.7954 6.6578
  8  30  -0.139 -0.132 0.080 0.629 0.654   11.8674 10.0195 7.7607
  9  30  0.196 -0.238 0.731 0.271 0.362   11.6551 9.9487 7.7239
 10  30  0.000 -0.100 0.682 0.491 0.512   11.1140 9.1318 6.8650
 11  30  -0.142 -0.434 1.122 0.601 0.696   11.7273 9.7080 7.2578
 12  30  -0.142 -0.788 0.995 0.589 0.723   10.8854 9.2065 6.8442
 13  30  -0.143 -0.418 1.099 0.612 0.687   10.7237 9.0387 6.8179
 14  30  0.037 -0.315 0.916 0.392 0.551   11.0343 9.3015 7.1036
 15  30  0.145 0.009 0.442 0.308 0.477   11.5798 9.8248 7.5919
 16  30  0.003 -0.397 0.837 0.435 0.583   11.0172 9.3564 7.2257
 17  30  0.045 -0.399 0.986 0.369 0.572   11.2963 9.5207 7.1525
 18  30  -0.122 -0.417 0.815 0.567 0.691   10.8890 9.2161 6.9772
 19  30  0.010 -0.275 0.521 0.446 0.560   11.0333 9.2614 7.0174
 20  30  -0.017 -0.565 0.992 0.439 0.645   11.2675 9.4481 6.9599
 21  30  -0.093 -0.349 0.924 0.553 0.644   10.9390 9.3421 7.0749
 22  30  0.055 -0.271 0.478 0.403 0.518   10.6741 8.9838 6.7944
 23  30  -0.039 -0.071 0.582 0.534 0.545   11.1571 9.3379 7.2462
 24  30  0.102 -0.318 0.888 0.302 0.526   11.5503 9.7464 7.4838
 25  30  0.086 -0.651 1.109 0.317 0.759   11.4846 9.6927 7.3816
 26  30  0.137 -0.161 0.728 0.350 0.386   11.1799 9.4202 7.2964
 27  30  -0.123 -0.568 1.211 0.561 0.711   11.4488 9.6357 7.2645
 28  30  -0.114 -0.313 0.518 0.567 0.683   11.4032 9.5749 7.2642
 29  30  0.108 -0.369 0.864 0.273 0.600   11.2727 9.3575 7.1750
 30  30  0.177 -0.234 0.610 0.304 0.353   11.3621 9.6598 7.5209
 31  30  -0.197 -0.501 1.085 0.465 0.744   11.4631 9.6090 7.2115
 32  30  0.087 -0.447 0.749 0.340 0.526   11.4394 9.8420 7.6424
 33  30  -0.087 -0.500 1.091 0.524 0.672   11.1945 9.5597 7.3714
 34  30  0.028 -0.408 0.796 0.441 0.518   10.4927 8.9053 6.7477
 35  30  -0.052 -0.337 0.958 0.516 0.603   10.8454 9.0094 6.7063
 36  30  0.011 -0.111 0.629 0.464 0.522   10.8163 9.1822 7.0889
 37  30  -0.054 -0.196 0.270 0.538 0.578   11.1954 9.3699 7.0927
 38  30  0.212 0.042 0.622 0.273 0.311   11.2735 9.6168 7.5721
 39  30  0.127 -0.152 0.805 0.334 0.426   10.5781 8.9173 6.7903
 40  30  -0.123 -0.230 0.809 0.614 0.636   10.4866 8.8195 6.6573
 41  30  -0.012 -0.343 0.943 0.436 0.600   11.1798 9.5073 7.1709
 42  30  -0.011 -0.027 0.440 0.509 0.513   10.5448 8.9616 7.0761
 43  30  -0.072 -0.471 0.956 0.516 0.654   10.7491 9.0898 6.8736
 44  30  -0.099 -0.553 0.831 0.553 0.674   11.2715 9.4694 7.0831
 45  30  -0.077 -0.232 0.570 0.562 0.598   10.5327 8.8073 6.7012
 46  30  -0.116 -0.559 0.719 0.547 0.724   10.5076 8.7710 6.5900
 47  30  0.084 -0.152 0.678 0.325 0.514   10.6245 8.8909 6.7201
 48  30  0.001 -0.369 1.062 0.445 0.571   11.1997 9.4338 7.0363
 49  30  -0.111 -0.064 0.133 0.603 0.623   11.0160 9.1847 6.9266
 50  30  -0.078 -0.094 0.570 0.575 0.581   11.4648 9.4625 7.0105
 51  30  -0.039 -0.226 0.651 0.494 0.592   10.8393 9.0834 6.8666
 52  30  0.158 -0.011 0.394 0.334 0.355   11.2021 9.6253 7.4701
 53  30  0.051 -0.276 0.831 0.375 0.540   10.7466 8.7918 6.3827
 54  30  -0.145 -0.349 0.918 0.625 0.675   11.1822 9.4908 7.2481
 55  30  0.005 -0.184 0.655 0.475 0.527   10.6753 9.0101 6.7584
 56  30  0.106 -0.250 0.813 0.346 0.465   11.5057 9.8703 7.7098
 57  30  -0.066 -0.184 0.321 0.558 0.582   10.9731 9.1884 6.8697
 58  30  0.044 -0.152 0.733 0.429 0.493   11.5161 9.7257 7.5282
 59  30  -0.032 -0.356 1.006 0.494 0.587   11.3521 9.5243 7.2963
 60  30  -0.084 -0.142 0.412 0.577 0.596   11.0637 9.2639 7.0756
 61  30  0.113 -0.515 1.004 0.285 0.562   11.3063 9.6361 7.2646
 62  30  -0.091 -0.480 0.930 0.500 0.732   10.5257 8.8558 6.6552
 63  30  0.029 -0.160 0.743 0.454 0.495   11.2593 9.4709 7.2543
 64  30  -0.127 -0.454 0.668 0.587 0.686   11.2318 9.4527 7.2102
 65  30  0.167 -0.391 0.769 0.284 0.417   11.1952 9.6630 7.5593
 66  30  -0.010 -0.335 0.611 0.470 0.573   10.8471 9.1666 6.9981
 67  30  -0.032 -0.496 1.046 0.464 0.633   10.7401 9.1319 6.9104
 68  30  0.137 -0.368 0.746 0.292 0.486   11.3626 9.6503 7.4175
 69  30  0.022 -0.271 0.864 0.420 0.552   10.6270 9.0587 6.8882
 70  30  0.051 -0.183 0.674 0.358 0.544   10.9593 9.2429 7.1211
 71  30  0.067 -0.068 0.606 0.421 0.452   10.7584 8.9808 6.8540
 72  30  -0.086 -0.403 0.980 0.541 0.649   10.9147 9.1969 7.0421
 73  30  0.064 -0.379 0.987 0.363 0.537   11.2616 9.5387 7.2168
 74  30  0.046 -0.463 0.883 0.405 0.525   11.3026 9.3568 6.8923
 75  30  -0.090 -0.616 0.970 0.532 0.678   11.1787 9.4766 7.2748
 76  30  -0.015 -0.306 0.577 0.488 0.561   11.1138 9.4322 7.2314
 77  30  0.003 -0.295 0.757 0.419 0.612   11.0512 9.3396 7.1079
 78  30  0.013 -0.253 0.628 0.455 0.534   10.7642 9.1117 6.9114
 79  30  0.133 -0.366 0.771 0.310 0.654   11.5751 9.7493 7.4125
 80  30  -0.056 -0.060 0.436 0.555 0.558   10.7830 9.0261 6.9191
 81  30  0.225 0.047 0.573 0.063 0.293   12.1194 10.3734 8.1342
 82  30  -0.051 -0.463 1.076 0.491 0.636   11.0828 9.3138 6.9175
 83  30  0.015 -0.357 0.942 0.418 0.577   11.2756 9.3581 7.0303
 84  30  -0.138 -0.369 0.847 0.612 0.677   11.2466 9.4797 7.1980
 85  30  0.194 -0.336 0.849 0.050 0.562   11.6474 9.9424 7.7532
 86  30  -0.102 -0.441 1.034 0.561 0.663   10.6537 9.0004 6.7091
 87  30  0.036 -0.234 0.398 0.427 0.534   10.7795 9.1117 7.0412
 88  30  -0.028 -0.409 0.967 0.467 0.612   10.6819 8.8952 6.5292
 89  30  0.132 0.001 0.569 0.354 0.387   10.6461 9.0678 7.0702
 90  30  -0.129 -0.417 1.062 0.596 0.676   11.1071 9.4009 7.0905
 91  30  0.033 -0.173 0.617 0.440 0.510   11.2055 9.3592 7.0454
 92  30  -0.034 -0.055 0.210 0.520 0.557   10.8209 9.1311 7.0910
 93  30  -0.064 -0.315 0.948 0.525 0.616   10.7920 9.2028 7.1628
 94  30  -0.023 -0.317 0.903 0.477 0.588   11.4853 9.8576 7.6058
 95  30  0.059 -0.147 0.366 0.431 0.458   11.1929 9.4764 7.2114
 96  30  0.039 -0.423 1.045 0.368 0.580   11.0270 9.3126 7.0315
 97  30  0.080 -0.281 0.777 0.358 0.516   11.3217 9.5258 7.1963
 98  30  -0.001 -0.043 0.654 0.498 0.506   10.9885 9.2528 6.9741
 99  30  -0.145 -0.049 0.442 0.649 0.635   11.1294 9.2981 7.0890
100  30  0.007 -0.169 0.791 0.468 0.526   11.4723 9.6718 7.5708
---------------------------------------------------------------
AVG  30  -0.002 -0.298 0.758 0.452 0.571   11.0872 9.3465 7.1133
MIN  30  -0.197 -0.788 0.080 0.050 0.293   10.4866 8.7710 6.3827
MAX  30  0.225 0.047 1.211 0.649 0.759   12.1194 10.3734 8.1342

  # Samp Profile                         DE76    De94   DL
---------------------------------------------------------------
  1  90  0.010 -0.216 0.842 0.462 0.529   8.4135 7.1233 5.0306
  2  90  0.005 -0.335 0.968 0.460 0.549   11.5450 10.2989 8.3717
  3  90  -0.028 -0.315 0.897 0.498 0.572   10.5688 8.5188 5.7407
  4  90  -0.012 -0.272 0.802 0.451 0.591   8.0802 7.3051 5.9772
  5  90  0.002 -0.422 0.680 0.445 0.584   8.5696 7.5938 5.9411
  6  90  -0.017 -0.453 0.583 0.479 0.582   9.7010 8.3338 5.8374
  7  90  0.001 -0.367 0.765 0.467 0.557   11.1884 9.1922 6.4882
  8  90  -0.042 -0.246 0.888 0.527 0.565   8.9380 7.4659 5.6628
  9  90  -0.019 -0.267 0.801 0.416 0.648   8.6685 7.2906 5.3954
 10  90  0.058 -0.417 0.472 0.408 0.503   11.1577 10.1400 8.5580
 11  90  -0.041 -0.253 0.808 0.482 0.611   11.0087 9.6640 7.1192
 12  90  0.021 -0.321 0.652 0.445 0.730   9.8213 8.6455 7.1494
 13  90  -0.013 -0.244 0.858 0.485 0.552   11.7571 10.0513 7.8881
 14  90  -0.015 -0.276 0.864 0.469 0.566   12.1172 10.9887 9.0246
 15  90  0.023 -0.272 0.774 0.402 0.583   9.2612 7.8649 6.1550
 16  90  -0.034 -0.248 0.785 0.514 0.563   9.9399 8.7462 7.1895
 17  90  -0.042 -0.393 0.568 0.512 0.591   9.8776 8.3600 6.4472
 18  90  -0.024 -0.229 0.913 0.475 0.592   9.0162 7.4052 5.2545
 19  90  -0.015 -0.299 0.715 0.490 0.557   9.8331 8.3324 6.3649
 20  90  -0.027 -0.326 0.871 0.455 0.627   11.3039 9.3028 6.9141
 21  90  -0.026 -0.440 0.598 0.505 0.559   8.4304 6.7205 4.3298
 22  90  0.012 -0.381 0.692 0.411 0.622   8.8396 7.4547 5.4148
 23  90  -0.006 -0.367 0.815 0.452 0.588   9.0620 6.4146 3.1728
 24  90  -0.024 -0.415 0.636 0.498 0.565   11.2111 9.3305 7.3291
 25  90  -0.051 -0.293 0.807 0.311 0.605   12.2775 10.1661 7.8740
 26  90  0.032 -0.227 0.788 0.426 0.526   12.8941 11.4574 9.4158
 27  90  0.013 -0.263 0.870 0.476 0.507   10.6567 8.7632 6.6761
 28  90  -0.024 -0.236 0.776 0.431 0.615   11.0825 8.5462 5.7467
 29  90  -0.040 -0.220 0.901 0.524 0.564   11.6705 9.5348 7.3306
 30  90  -0.014 -0.300 0.831 0.477 0.570   12.1743 10.3916 8.1766
 31  90  -0.014 -0.307 0.766 0.491 0.550   11.9082 9.6273 7.0789
 32  90  -0.016 -0.346 0.786 0.444 0.610   13.3360 12.1497 10.3082
 33  90  -0.003 -0.278 0.765 0.443 0.594   11.7336 10.3865 8.2480
 34  90  -0.049 -0.221 0.731 0.533 0.573   9.8098 7.3967 4.7544
 35  90  0.007 -0.432 0.486 0.449 0.599   9.2226 8.1018 6.4969
 36  90  0.019 -0.309 0.839 0.425 0.547   13.3863 11.6740 9.2478
 37  90  -0.022 -0.288 0.767 0.488 0.573   10.7403 9.3694 7.1774
 38  90  -0.055 -0.301 0.763 0.526 0.601   10.4868 9.1048 6.9632
 39  90  -0.028 -0.189 0.772 0.504 0.560   8.0361 6.5590 4.3936
 40  90  0.088 -0.301 0.703 0.319 0.721   11.5137 9.5703 7.2027
 41  90  -0.006 -0.194 0.786 0.492 0.527   10.7921 9.3394 6.5590
 42  90  0.009 -0.319 0.741 0.449 0.559   13.3072 11.0404 7.4830
 43  90  -0.033 -0.274 0.995 0.514 0.561   12.2562 11.2044 9.5268
 44  90  -0.065 -0.290 0.786 0.531 0.615   12.2903 9.9083 7.7991
 45  90  0.035 -0.330 0.626 0.406 0.552   11.5890 9.7703 7.6741
 46  90  -0.013 -0.323 0.780 0.391 0.696   8.6167 7.1279 5.0854
 47  90  -0.021 -0.331 0.762 0.475 0.592   12.4753 10.1326 7.6997
 48  90  -0.025 -0.245 0.763 0.480 0.576   8.1512 7.3659 5.7679
 49  90  0.004 -0.326 0.588 0.454 0.570   10.4236 8.5120 6.2081
 50  90  0.018 -0.282 0.677 0.450 0.533   11.5623 9.2254 7.3570
 51  90  -0.020 -0.292 0.798 0.460 0.626   12.2479 10.5126 8.6446
 52  90  -0.015 -0.278 0.922 0.488 0.555   8.6900 7.7922 6.3910
 53  90  0.053 -0.257 0.913 0.382 0.540   13.3304 12.0335 10.0203
 54  90  0.079 -0.346 0.653 0.387 0.672   12.8024 10.4861 8.0388
 55  90  -0.037 -0.433 0.748 0.515 0.570   10.2896 9.0500 7.4359
 56  90  -0.021 -0.210 0.802 0.500 0.552   10.4088 8.2881 5.4807
 57  90  -0.019 -0.301 0.801 0.472 0.599   9.6780 7.7558 5.2811
 58  90  -0.033 -0.287 0.762 0.504 0.580   10.9807 9.1257 6.7578
 59  90  0.001 -0.492 0.477 0.469 0.552   10.9166 9.5443 7.7270
 60  90  -0.033 -0.368 0.884 0.501 0.585   10.7630 9.5978 7.5105
 61  90  0.027 -0.272 0.598 0.438 0.528   11.0748 9.0505 7.2080
 62  90  0.043 -0.432 0.654 0.431 0.500   13.6101 12.0519 10.4070
 63  90  -0.066 -0.328 0.845 0.508 0.643   11.3460 9.0583 6.0496
 64  90  -0.025 -0.389 0.880 0.493 0.576   11.1199 9.2183 7.2518
 65  90  -0.028 -0.203 0.711 0.376 0.604   11.9031 10.8808 8.4342
 66  90  -0.042 -0.395 0.697 0.479 0.633   10.0319 8.7533 7.1526
 67  90  -0.061 -0.274 0.804 0.540 0.594   14.5340 11.1605 7.7970
 68  90  0.008 -0.382 0.730 0.446 0.563   9.0774 7.6475 5.8112
 69  90  -0.006 -0.212 0.740 0.475 0.552   11.0075 9.8158 7.9624
 70  90  -0.000 -0.327 0.781 0.472 0.546   13.8847 11.8846 9.8875
 71  90  -0.021 -0.283 0.822 0.473 0.585   10.4638 8.7673 6.0723
 72  90  -0.009 -0.295 0.821 0.468 0.569   9.6647 7.7296 5.0798
 73  90  0.008 -0.278 0.623 0.462 0.543   10.2078 8.6288 5.6885
 74  90  0.016 -0.444 0.597 0.426 0.576   11.6737 9.8543 7.3396
 75  90  0.026 -0.258 0.784 0.442 0.524   13.3840 11.8060 9.6721
 76  90  0.059 -0.286 0.777 0.422 0.668   10.9850 9.0349 6.8540
 77  90  -0.060 -0.274 0.900 0.537 0.589   11.4990 9.9760 7.9620
 78  90  -0.019 -0.263 0.896 0.486 0.564   9.8228 7.7851 4.7881
 79  90  0.042 -0.397 0.632 0.380 0.596   10.1800 8.2672 5.9392
 80  90  -0.052 -0.339 0.640 0.495 0.629   10.8647 9.2243 7.1906
 81  90  0.021 -0.373 0.743 0.439 0.535   11.6416 9.7413 7.4155
 82  90  -0.046 -0.237 0.739 0.519 0.585   11.0986 9.4197 7.2167
 83  90  0.001 -0.281 0.854 0.457 0.556   10.2559 8.8266 6.7054
 84  90  0.015 -0.306 0.758 0.451 0.543   8.6206 7.2968 5.5863
 85  90  -0.002 -0.243 0.648 0.444 0.598   11.0524 8.9600 6.9317
 86  90  -0.026 -0.242 0.886 0.494 0.568   11.9909 10.2624 7.9980
 87  90  -0.011 -0.301 0.876 0.472 0.566   11.4892 10.0992 7.8444
 88  90  -0.034 -0.251 0.779 0.495 0.589   12.3825 10.2300 7.2278
 89  90  -0.035 -0.318 0.772 0.501 0.586   11.9163 9.9209 6.6374
 90  90  0.000 -0.484 0.563 0.469 0.547   13.9046 12.1554 9.6653
 91  90  0.008 -0.303 0.671 0.452 0.560   13.2038 10.4259 7.7175
 92  90  0.012 -0.459 0.462 0.436 0.592   11.7163 9.6472 6.6935
 93  90  -0.047 -0.349 0.846 0.500 0.617   10.4378 8.5852 6.3904
 94  90  0.000 -0.225 0.899 0.478 0.529   11.1506 9.8490 8.1455
 95  90  -0.034 -0.285 0.848 0.506 0.575   9.4976 7.3837 4.7090
 96  90  -0.034 -0.210 0.818 0.527 0.546   10.0365 8.3782 6.4154
 97  90  -0.024 -0.343 0.592 0.479 0.593   10.5807 9.0432 6.4987
 98  90  0.056 -0.299 0.772 0.401 0.696   11.9119 9.7741 7.2510
 99  90  -0.028 -0.411 0.747 0.446 0.638   9.3738 7.8655 5.5811
100  90  -0.008 -0.330 0.758 0.419 0.667   11.0084 9.6978 7.7041
---------------------------------------------------------------
AVG  90  -0.009 -0.310 0.758 0.464 0.582   10.9042 9.2131 6.9918
MIN  90  -0.066 -0.492 0.462 0.311 0.500   8.0361 6.4146 3.1728
MAX  90  0.088 -0.189 0.995 0.540 0.730   14.5340 12.1554 10.4070

