  # Samp Profile                         DE76    De94   DL
---------------------------------------------------------------
  1   1  -0.101 1.313 -0.738 0.686 0.443   13.6889 10.5147 7.2840
  2   1  -0.495 2.798 -2.227 1.511 -0.150   15.6632 12.0719 7.9128
  3   1  -0.317 -0.742 1.415 0.754 0.902   14.1606 11.2675 8.3174
  4   1  -0.492 -1.208 1.015 0.932 1.088   15.4562 12.5961 9.6769
  5   1  -0.395 1.388 -0.894 1.271 -0.384   14.0035 10.8242 7.5639
  6   1  2.392 -5.773 6.693 -3.916 1.933   29.9126 24.5102 16.8244
  7   1  1.254 2.635 -2.396 -0.517 -1.089   20.3973 16.8008 14.3985
  8   1  -0.101 1.313 -0.738 0.686 0.443   13.6889 10.5147 7.2840
  9   1  -0.355 -2.231 2.829 0.369 1.566   17.9974 14.9129 11.0410
 10   1  -0.803 -0.723 0.418 1.302 1.304   16.9451 14.2343 11.8318
 11   1  -0.149 0.110 0.297 0.586 0.760   13.1880 10.1960 7.3237
 12   1  0.102 -0.040 0.605 0.361 0.436   13.2308 10.3074 7.5350
 13   1  -0.834 1.950 -1.401 1.502 0.826   15.7694 12.6118 9.1349
 14   1  0.223 -0.274 0.769 0.158 0.524   13.4715 10.5907 7.8140
 15   1  -0.242 0.079 -0.181 0.740 0.744   13.3404 10.3485 7.4943
 16   1  -0.149 0.110 0.297 0.586 0.760   13.1880 10.1960 7.3237
 17   1  0.243 1.901 -1.511 0.540 -0.200   15.1586 11.8379 8.7853
 18   1  1.619 2.677 -0.033 -1.068 -1.204   23.5063 20.1265 17.9762
 19   1  0.594 -3.098 3.087 -0.381 0.419   19.3442 16.0136 11.6501
 20   1  -0.288 -0.412 -0.207 0.779 0.803   13.5101 10.5880 7.8108
 21   1  -0.074 -0.121 -0.106 0.577 0.569   13.1232 10.1267 7.2454
 22   1  -0.886 2.617 -1.811 1.476 1.211   17.0204 13.8689 10.2460
 23   1  2.392 -5.773 6.693 -3.916 1.933   29.9126 24.5102 16.8244
 24   1  0.243 1.901 -1.511 0.540 -0.200   15.1586 11.8379 8.7853
 25   1  -0.317 -0.742 1.415 0.754 0.902   14.1606 11.2675 8.3174
 26   1  0.588 1.159 -0.264 -0.024 -0.196   15.3458 12.2771 9.8172
 27   1  0.567 0.904 -0.392 -0.025 -0.134   15.0571 12.0162 9.5398
 28   1  1.041 1.792 0.607 -0.521 -0.578   18.5167 15.4213 13.2802
 29   1  -0.511 1.067 -0.647 1.013 1.009   14.5399 11.5081 8.4816
 30   1  0.243 1.901 -1.511 0.540 -0.200   15.1586 11.8379 8.7853
 31   1  -0.318 -0.426 0.465 0.813 0.825   13.7161 10.7952 7.9763
 32   1  -0.640 0.258 -0.577 1.141 1.137   15.2653 12.3938 9.7830
 33   1  -0.411 2.859 -2.386 1.729 -0.660   16.0637 12.4249 8.4396
 34   1  -0.300 1.584 -0.798 0.845 0.709   13.9909 10.7935 7.4321
 35   1  -0.101 1.313 -0.738 0.686 0.443   13.6889 10.5147 7.2840
 36   1  -1.292 -1.394 1.231 1.785 1.803   22.4269 19.7444 17.3782
 37   1  -0.101 1.313 -0.738 0.686 0.443   13.6889 10.5147 7.2840
 38   1  0.047 0.947 -0.418 0.533 0.299   13.5330 10.4468 7.4373
 39   1  2.487 -3.667 4.142 -2.978 2.592   24.3066 20.1374 14.3769
 40   1  0.861 -0.448 0.810 -0.356 -0.370   17.7026 14.9541 12.6300
 41   1  -0.492 -1.208 1.015 0.932 1.088   15.4562 12.5961 9.6769
 42   1  -0.035 0.506 -0.184 0.543 0.518   13.2080 10.1674 7.2153
 43   1  -0.387 -1.302 1.927 0.296 1.197   15.3244 12.4101 9.1722
 44   1  -0.035 0.506 -0.184 0.543 0.518   13.2080 10.1674 7.2153
 45   1  -0.511 1.067 -0.647 1.013 1.009   14.5399 11.5081 8.4816
 46   1  -2.307 2.589 -2.133 2.769 2.943   30.4412 28.0681 26.5342
 47   1  0.235 -2.563 3.324 -0.221 1.024   17.6232 14.3605 9.8797
 48   1  -0.284 -1.031 0.982 0.711 0.906   14.2577 11.3503 8.3652
 49   1  0.277 0.898 -0.431 0.283 0.120   14.0267 10.9667 8.1796
 50   1  -0.410 2.060 -1.445 1.104 0.506   14.5783 11.2571 7.5683
 51   1  -0.117 -0.674 1.385 0.525 0.739   13.6763 10.7209 7.7095
 52   1  0.915 2.755 -1.391 -0.325 -0.576   18.1918 14.7157 12.1953
 53   1  -0.660 0.470 -0.985 1.178 1.127   15.3075 12.4473 9.7626
 54   1  -1.292 -1.394 1.231 1.785 1.803   22.4269 19.7444 17.3782
 55   1  -0.563 -0.573 -0.295 1.061 1.067   15.0612 12.2120 9.6221
 56   1  0.807 0.767 0.741 -0.306 -0.310   16.6470 13.7497 11.5038
 57   1  0.277 0.898 -0.431 0.283 0.120   14.0267 10.9667 8.1796
 58   1  0.567 0.904 -0.392 -0.025 -0.134   15.0571 12.0162 9.5398
 59   1  -0.708 0.714 -1.676 1.264 1.110   15.7417 12.7957 9.9407
 60   1  -0.300 1.584 -0.798 0.845 0.709   13.9909 10.7935 7.4321
 61   1  -0.445 1.794 -1.184 1.051 0.737   14.4937 11.2609 7.7363
 62   1  -0.387 -1.302 1.927 0.296 1.197   15.3244 12.4101 9.1722
 63   1  0.093 1.381 -0.845 0.639 -0.034   14.1298 11.0293 8.0194
 64   1  -0.778 -3.187 2.462 0.843 2.219   23.1440 19.9311 16.2091
 65   1  -0.503 -0.480 0.251 1.004 1.001   14.6276 11.7499 9.0811
 66   1  0.392 -0.219 0.489 0.103 0.116   14.1842 11.3462 8.8061
 67   1  -0.100 -0.236 0.856 0.592 0.613   13.1792 10.2509 7.3834
 68   1  1.716 0.435 2.259 -1.246 -1.162   26.4661 23.4644 21.1624
 69   1  -0.708 0.714 -1.676 1.264 1.110   15.7417 12.7957 9.9407
 70   1  -0.439 1.094 -0.484 0.943 0.928   14.0775 11.0868 8.0518
 71   1  -0.626 -0.147 -0.716 1.128 1.122   15.2403 12.4105 9.8823
 72   1  -0.563 -0.573 -0.295 1.061 1.067   15.0612 12.2120 9.6221
 73   1  -0.387 -1.302 1.927 0.296 1.197   15.3244 12.4101 9.1722
 74   1  -0.355 -2.231 2.829 0.369 1.566   17.9974 14.9129 11.0410
 75   1  -0.115 -1.449 2.016 0.305 1.089   15.1651 12.1607 8.6622
 76   1  0.343 0.438 0.154 0.161 0.150   13.8970 10.9662 8.3535
 77   1  1.041 1.792 0.607 -0.521 -0.578   18.5167 15.4213 13.2802
 78   1  -1.127 -1.668 0.113 1.597 1.675   21.0111 18.3745 16.1040
 79   1  -0.640 0.258 -0.577 1.141 1.137   15.2653 12.3938 9.7830
 80   1  -0.100 -0.236 0.856 0.592 0.613   13.1792 10.2509 7.3834
 81   1  0.306 0.662 -0.236 0.284 0.084   13.8707 10.9186 8.2528
 82   1  -0.141 -0.691 1.249 0.572 0.744   13.7073 10.7516 7.7348
 83   1  2.487 -3.667 4.142 -2.978 2.592   24.3066 20.1374 14.3769
 84   1  1.254 2.635 -2.396 -0.517 -1.089   20.3973 16.8008 14.3985
 85   1  -0.411 2.859 -2.386 1.729 -0.660   16.0637 12.4249 8.4396
 86   1  -0.708 0.714 -1.676 1.264 1.110   15.7417 12.7957 9.9407
 87   1  -0.834 1.950 -1.401 1.502 0.826   15.7694 12.6118 9.1349
 88   1  0.095 2.753 -2.340 1.309 -0.831   16.4423 12.8558 9.5068
 89   1  1.716 0.435 2.259 -1.246 -1.162   26.4661 23.4644 21.1624
 90   1  -0.335 0.056 0.083 0.873 0.779   13.5583 10.5818 7.7630
 91   1  1.169 0.359 0.592 -0.612 -0.784   20.1579 17.3019 15.2111
 92   1  1.041 1.792 0.607 -0.521 -0.578   18.5167 15.4213 13.2802
 93   1  1.619 2.677 -0.033 -1.068 -1.204   23.5063 20.1265 17.9762
 94   1  0.324 1.400 -0.915 0.518 -0.393   15.0834 11.8937 9.1838
 95   1  0.807 0.767 0.741 -0.306 -0.310   16.6470 13.7497 11.5038
 96   1  0.343 0.438 0.154 0.161 0.150   13.8970 10.9662 8.3535
 97   1  -0.511 1.067 -0.647 1.013 1.009   14.5399 11.5081 8.4816
 98   1  -0.563 -0.573 -0.295 1.061 1.067   15.0612 12.2120 9.6221
 99   1  -0.395 1.388 -0.894 1.271 -0.384   14.0035 10.8242 7.5639
100   1  -0.879 -0.874 -0.829 1.378 1.380   17.7793 15.1005 12.8855
---------------------------------------------------------------
AVG   1  0.029 0.268 0.169 0.437 0.551   16.5233 13.4075 10.3550
MIN   1  -2.307 -5.773 -2.396 -3.916 -1.204   13.1232 10.1267 7.2153
MAX   1  2.487 2.859 6.693 2.769 2.943   30.4412 28.0681 26.5342

  # Samp Profile                         DE76    De94   DL
---------------------------------------------------------------
  1   3  -0.361 -0.343 0.998 0.863 0.859   13.9747 11.0448 8.2129
  2   3  -0.411 0.883 -0.524 0.914 0.902   13.8292 10.9470 8.0431
  3   3  -0.450 1.536 -0.788 0.987 0.873   14.3632 11.1913 7.8369
  4   3  0.111 0.442 0.096 0.391 0.385   13.3523 10.3212 7.4412
  5   3  -0.035 -0.411 0.990 0.467 0.626   13.2852 10.4068 7.5022
  6   3  0.060 -0.152 0.717 0.412 0.478   13.2678 10.3380 7.5501
  7   3  -0.266 -0.606 0.103 0.754 0.788   13.6798 10.7174 7.8564
  8   3  0.409 0.293 0.284 0.073 0.114   13.9792 11.0872 8.6859
  9   3  -0.169 -0.170 -0.159 0.669 0.669   13.2237 10.2526 7.3953
 10   3  -0.571 0.931 -0.742 1.078 1.058   14.7601 11.8516 8.9409
 11   3  -0.574 1.289 -0.660 1.080 1.062   14.9067 11.8383 8.7931
 12   3  0.000 0.081 0.385 0.499 0.497   13.0316 10.0682 7.2180
 13   3  -0.251 -1.639 2.191 0.534 1.094   15.8299 12.8443 9.3073
 14   3  0.156 0.779 -0.193 0.382 0.270   13.5017 10.4110 7.4885
 15   3  -0.001 0.884 -0.235 0.523 0.454   13.2978 10.2301 7.2595
 16   3  0.181 2.104 -1.628 0.575 -0.154   15.3404 11.9370 8.7666
 17   3  -0.340 1.484 -0.974 1.111 0.059   14.1442 10.8538 7.3984
 18   3  -0.362 -0.199 -0.502 0.866 0.854   13.7857 10.8273 8.0625
 19   3  1.240 1.850 -0.153 -0.628 -0.939   20.4604 17.2580 15.1126
 20   3  -0.109 0.183 -0.174 0.613 0.602   13.1991 10.1455 7.2201
 21   3  -0.194 0.598 -0.149 0.690 0.700   13.1739 10.1624 7.1971
 22   3  -0.188 -0.207 0.910 0.688 0.689   13.2281 10.3870 7.5386
 23   3  0.023 0.048 0.224 0.463 0.502   13.1599 10.1400 7.2692
 24   3  0.121 -0.275 0.815 0.328 0.461   13.4100 10.5157 7.7170
 25   3  0.041 0.965 -0.396 0.551 0.234   13.6848 10.5977 7.6372
 26   3  -0.323 -2.853 3.604 0.269 1.610   19.4644 16.1817 11.7240
 27   3  -0.387 -0.567 1.177 0.858 0.924   14.2057 11.2972 8.4508
 28   3  -0.044 -1.828 2.528 0.150 1.101   15.9414 12.8429 8.9692
 29   3  0.187 0.397 0.149 0.316 0.305   13.5515 10.5621 7.7828
 30   3  -0.107 -0.513 1.426 0.570 0.661   13.6613 10.7031 7.6982
 31   3  -0.139 -0.160 0.536 0.643 0.634   13.1645 10.2315 7.3973
 32   3  0.702 2.051 -0.775 -0.136 -0.314   16.5675 13.3086 10.7762
 33   3  -0.475 0.704 -0.443 0.973 0.978   14.3718 11.3719 8.4827
 34   3  0.396 -0.113 0.502 0.099 0.114   14.1300 11.2906 8.7343
 35   3  -0.527 0.369 -0.692 1.035 1.012   14.6528 11.7194 8.9747
 36   3  -0.049 -0.342 0.951 0.483 0.626   13.3325 10.3404 7.4154
 37   3  -0.404 0.240 -0.398 0.902 0.906   13.8609 10.9587 8.1660
 38   3  -0.443 1.297 -0.555 0.951 0.929   14.2232 11.1513 7.9864
 39   3  -0.430 -0.693 1.503 0.902 0.970   14.6054 11.7213 8.8549
 40   3  0.019 -0.424 0.706 0.442 0.545   13.2571 10.3771 7.5154
 41   3  -0.178 -0.177 0.214 0.680 0.677   13.2367 10.2187 7.3217
 42   3  -0.219 1.502 -0.860 0.821 0.493   13.8100 10.5688 7.1995
 43   3  -0.436 -1.084 1.786 0.809 1.095   15.3126 12.4337 9.3389
 44   3  -0.144 -0.495 1.370 0.613 0.691   13.6394 10.6928 7.6960
 45   3  -0.188 -0.597 0.638 0.669 0.719   13.4564 10.5712 7.6644
 46   3  -0.272 -1.069 1.711 0.637 0.962   14.5314 11.6514 8.4818
 47   3  0.001 1.275 -0.736 0.675 0.139   14.0368 10.8280 7.6555
 48   3  -0.116 -0.128 -0.161 0.615 0.618   13.1567 10.1996 7.3247
 49   3  -0.026 -0.094 0.093 0.521 0.533   12.9233 9.9768 7.1565
 50   3  -0.044 1.981 -1.518 1.555 -0.881   15.5017 12.1238 8.9220
 51   3  0.317 -0.223 0.749 0.053 0.430   13.6330 10.7895 8.0613
 52   3  -0.177 0.182 0.071 0.654 0.727   13.1590 10.2026 7.3300
 53   3  0.152 -1.028 1.572 0.106 0.739   14.2135 11.3261 8.2076
 54   3  -0.502 -0.738 0.698 0.980 1.035   14.7603 11.9678 9.3261
 55   3  0.303 -0.019 0.412 0.188 0.214   13.8120 10.9217 8.3248
 56   3  0.119 1.264 -0.737 0.612 -0.222   14.2262 11.0762 8.2236
 57   3  0.856 1.764 -0.012 -0.275 -0.520   17.3890 14.1958 11.9099
 58   3  -0.147 1.804 -0.897 0.732 0.466   13.8639 10.6310 7.2048
 59   3  -0.713 -1.228 1.025 1.183 1.261   16.9877 14.2457 11.5798
 60   3  -0.088 1.057 -0.572 0.857 0.060   13.6958 10.5715 7.4823
 61   3  -0.018 0.593 -0.060 0.522 0.508   13.2129 10.1796 7.2602
 62   3  0.413 1.035 -0.891 0.160 -0.018   14.6395 11.5427 8.8359
 63   3  -0.303 0.162 -0.069 0.857 0.727   13.4453 10.4508 7.5936
 64   3  0.008 1.322 -0.732 0.648 0.140   13.9294 10.7055 7.5232
 65   3  0.964 3.022 -2.643 -0.198 -0.894   19.1878 15.4717 12.8197
 66   3  -0.370 -0.113 -0.507 0.875 0.862   13.8670 10.9265 8.1315
 67   3  1.219 2.640 -0.646 -0.606 -0.915   20.4721 16.9986 14.7174
 68   3  -0.312 1.701 -1.180 1.038 0.352   14.0012 10.8396 7.4469
 69   3  -0.403 -0.410 0.905 0.902 0.905   14.2677 11.3170 8.5003
 70   3  0.025 -1.264 1.811 0.067 1.072   14.6482 11.6612 8.2094
 71   3  0.761 -0.862 1.361 -0.655 0.875   15.3736 12.4737 9.5290
 72   3  0.983 1.257 0.284 -0.438 -0.563   18.0512 15.0026 12.8087
 73   3  0.094 0.555 0.108 0.402 0.410   13.4158 10.3487 7.4336
 74   3  -0.153 0.384 -0.449 0.660 0.640   13.3119 10.2431 7.2275
 75   3  -0.683 2.048 -1.030 1.211 1.129   15.7263 12.5899 9.2043
 76   3  0.108 0.088 0.425 0.389 0.396   13.2554 10.3387 7.5554
 77   3  -0.550 -1.001 1.728 1.007 1.114   15.8809 13.0064 10.0163
 78   3  -0.135 1.390 -0.658 0.675 0.561   13.7719 10.5883 7.3101
 79   3  -0.086 -3.274 3.829 -0.167 1.832   20.0597 16.6815 11.8142
 80   3  0.046 0.032 0.047 0.453 0.454   13.1497 10.1634 7.3345
 81   3  0.198 -0.688 1.206 0.168 0.539   13.9206 11.0198 8.1176
 82   3  0.948 0.977 -0.080 -0.329 -0.671   17.8520 14.8423 12.6351
 83   3  -0.130 -0.363 1.272 0.611 0.658   13.3015 10.3959 7.5056
 84   3  -0.453 1.220 -0.584 0.966 0.926   14.1311 11.1334 8.0762
 85   3  -0.305 1.133 -0.393 0.811 0.793   13.7236 10.6410 7.4921
 86   3  0.793 0.946 -0.818 -0.283 -0.307   16.1830 13.1361 10.8147
 87   3  -0.096 1.402 -0.898 1.047 -0.378   14.4142 11.1683 8.0882
 88   3  -0.718 0.509 -1.136 1.245 1.167   15.8539 12.9458 10.2502
 89   3  -0.237 1.141 -0.645 1.047 -0.446   14.2108 11.0313 7.9567
 90   3  0.794 1.346 -0.402 -0.247 -0.367   16.4871 13.3923 11.0449
 91   3  -0.065 0.518 -0.051 0.564 0.566   13.0742 10.0040 7.0061
 92   3  -0.068 0.220 -0.033 0.566 0.570   13.1821 10.1575 7.2592
 93   3  -0.484 -0.385 0.185 0.990 0.974   14.5382 11.6311 8.9469
 94   3  0.372 -1.112 1.595 -0.344 0.957   14.6164 11.6936 8.4638
 95   3  -0.076 -0.172 0.726 0.557 0.598   13.0336 10.1093 7.2114
 96   3  -0.193 -0.851 1.456 0.599 0.832   14.1179 11.1981 8.0939
 97   3  -0.513 -0.456 -0.538 1.016 1.009   14.7168 11.8583 9.2271
 98   3  -0.496 -0.079 -0.208 0.992 1.002   14.3331 11.4052 8.7613
 99   3  -0.771 0.945 -0.702 1.267 1.280   16.1507 13.2641 10.5888
100   3  -0.065 -1.021 1.620 0.416 0.793   14.1320 11.1842 8.0460
---------------------------------------------------------------
AVG   3  -0.054 0.264 0.187 0.555 0.535   14.5185 11.4937 8.5565
MIN   3  -0.771 -3.274 -2.643 -0.655 -0.939   12.9233 9.9768 7.0061
MAX   3  1.240 3.022 3.829 1.555 1.832   20.4721 17.2580 15.1126

  # Samp Profile                         DE76    De94   DL
---------------------------------------------------------------
  1  10  0.393 0.676 -0.185 0.690 -0.105   14.5149 11.4086 8.6822
  2  10  0.540 1.003 -0.605 0.034 -0.144   15.0312 11.9676 9.5707
  3  10  0.166 0.260 0.222 0.324 0.360   13.3841 10.2742 7.3842
  4  10  -0.293 -0.699 1.411 0.733 0.873   14.0572 11.2041 8.2660
  5  10  -0.162 0.251 -0.002 0.656 0.673   12.9590 10.0659 7.3412
  6  10  0.063 0.529 0.108 0.433 0.444   13.1233 10.2541 7.4658
  7  10  -0.199 -0.193 -0.151 0.698 0.700   13.5922 10.5035 7.6518
  8  10  0.051 0.047 0.264 0.432 0.481   13.2541 10.2703 7.5794
  9  10  -0.218 1.180 -0.421 0.736 0.681   13.6303 10.5938 7.4704
 10  10  -0.262 0.551 -0.132 0.755 0.776   13.8156 10.6087 7.6574
 11  10  0.177 0.490 0.034 0.361 0.241   13.5053 10.4351 7.5177
 12  10  -0.020 -0.065 0.146 0.518 0.524   12.8906 10.0446 7.2117
 13  10  -0.378 1.576 -0.760 0.907 0.823   14.4438 11.0808 7.6309
 14  10  -0.006 0.477 -0.122 0.508 0.501   12.8637 9.9730 7.0062
 15  10  0.145 0.612 -0.031 0.378 0.306   13.6094 10.6860 7.8226
 16  10  -0.392 1.191 -0.493 0.899 0.877   14.0764 10.8760 7.6765
 17  10  -0.320 0.790 -0.299 0.819 0.824   13.7385 10.6752 7.7278
 18  10  -0.292 -0.171 -0.426 0.796 0.785   13.6671 10.6744 7.9059
 19  10  0.007 -0.119 0.811 0.484 0.506   13.0450 10.2381 7.3550
 20  10  0.373 0.690 -0.198 0.222 0.000   14.3878 11.3297 8.7835
 21  10  -0.033 1.072 -0.510 0.654 0.208   13.6805 10.4642 7.3224
 22  10  0.094 0.065 0.471 0.402 0.411   13.3578 10.3512 7.4704
 23  10  0.293 0.386 0.362 0.201 0.216   13.7761 10.8043 8.0868
 24  10  -0.285 1.127 -0.302 0.784 0.785   13.9538 10.7870 7.5377
 25  10  -0.117 0.576 -0.108 0.616 0.617   13.1130 10.0863 7.1072
 26  10  0.020 -0.172 0.816 0.463 0.506   13.3017 10.3157 7.3820
 27  10  -0.251 -0.256 -0.210 0.750 0.751   13.4060 10.5623 7.9517
 28  10  -0.125 -0.192 0.031 0.621 0.631   13.1872 10.1931 7.3405
 29  10  -0.103 -0.097 0.751 0.605 0.600   13.2488 10.2869 7.4066
 30  10  -0.069 -0.725 1.320 0.470 0.718   13.6586 10.8191 7.8395
 31  10  -0.005 0.037 0.301 0.484 0.540   13.0083 9.9865 7.0948
 32  10  -0.093 -0.204 0.126 0.586 0.603   13.0779 10.1263 7.3795
 33  10  0.034 -0.204 0.798 0.427 0.516   13.2320 10.4636 7.7584
 34  10  0.028 0.586 -0.015 0.480 0.452   13.4249 10.3171 7.3698
 35  10  0.093 0.097 0.039 0.405 0.410   13.4057 10.3812 7.5069
 36  10  0.085 -0.021 0.606 0.404 0.430   13.2498 10.2662 7.5021
 37  10  0.000 -0.233 0.522 0.489 0.518   13.1683 10.2318 7.4443
 38  10  -0.009 -0.056 0.698 0.506 0.513   12.9906 10.0918 7.1883
 39  10  -0.148 0.824 -0.202 0.652 0.638   12.9200 9.9878 7.0483
 40  10  0.068 0.302 0.192 0.440 0.414   13.0236 10.0501 7.2204
 41  10  -0.287 -0.398 -0.094 0.781 0.796   13.3364 10.4725 7.6845
 42  10  -0.332 -0.356 -0.079 0.831 0.835   13.7294 10.9154 8.2248
 43  10  -0.260 0.297 -0.279 0.761 0.759   13.4684 10.3200 7.3355
 44  10  -0.120 0.385 -0.092 0.618 0.624   13.4728 10.3618 7.3026
 45  10  0.198 0.381 0.152 0.308 0.288   13.6306 10.6264 7.7612
 46  10  -0.252 0.042 -0.199 0.748 0.757   13.4151 10.3648 7.4496
 47  10  -0.360 -0.790 0.009 0.848 0.882   14.1323 11.2879 8.5855
 48  10  -0.032 -0.091 0.012 0.530 0.535   12.8457 9.8809 7.0832
 49  10  -0.139 -0.275 0.633 0.626 0.659   13.5696 10.4938 7.5488
 50  10  -0.316 1.643 -0.976 0.926 0.559   14.1080 10.8049 7.2692
 51  10  -0.156 -0.296 0.437 0.650 0.665   12.9877 10.2763 7.5768
 52  10  0.308 0.545 -0.178 0.212 0.160   13.7678 10.8997 8.3595
 53  10  -0.079 -0.075 0.570 0.579 0.579   13.1186 10.1084 7.2523
 54  10  0.073 0.007 0.438 0.423 0.434   13.1588 10.2192 7.3709
 55  10  0.059 0.527 0.040 0.442 0.438   13.0756 10.1368 7.3119
 56  10  0.030 0.786 -0.128 0.486 0.435   13.1885 10.2587 7.3693
 57  10  0.040 -0.005 0.636 0.458 0.463   12.8238 9.9348 7.1626
 58  10  -0.212 -0.302 0.146 0.709 0.717   12.9768 10.2334 7.4942
 59  10  0.019 0.261 -0.030 0.480 0.482   13.0570 10.0250 7.0669
 60  10  0.134 0.139 0.286 0.367 0.364   13.2275 10.2720 7.4887
 61  10  -0.130 0.156 -0.421 0.640 0.614   13.2002 10.2234 7.2935
 62  10  0.064 0.460 0.099 0.433 0.440   13.2621 10.2676 7.3044
 63  10  0.100 0.082 0.566 0.401 0.399   13.4117 10.3785 7.5520
 64  10  -0.014 -0.005 0.070 0.515 0.513   13.1436 10.0936 7.2245
 65  10  0.135 0.147 0.126 0.365 0.364   13.2896 10.4653 7.7311
 66  10  -0.155 -0.395 0.164 0.645 0.673   13.0431 10.1065 7.4138
 67  10  -0.304 -0.433 0.188 0.793 0.821   13.5548 10.7140 8.0628
 68  10  -0.140 -0.217 -0.043 0.636 0.645   12.8723 10.0081 7.1957
 69  10  -0.393 -0.801 1.348 0.866 0.935   14.5486 11.7767 8.8661
 70  10  -0.268 1.443 -0.695 0.811 0.679   13.7316 10.5490 7.3985
 71  10  0.026 -0.118 0.616 -0.101 0.570   12.9831 10.2295 7.4947
 72  10  0.057 -0.330 0.926 0.384 0.525   13.1950 10.4029 7.5569
 73  10  0.120 0.109 0.150 0.380 0.382   13.2163 10.1967 7.3388
 74  10  -0.129 -0.235 0.631 0.622 0.640   13.3913 10.3232 7.4177
 75  10  0.162 0.199 0.336 0.349 0.318   13.2567 10.4625 7.7138
 76  10  -0.063 0.460 -0.044 0.562 0.564   13.1454 10.0638 7.1076
 77  10  -0.261 -0.763 1.545 0.711 0.835   14.0468 11.2734 8.3538
 78  10  0.006 -0.248 0.861 0.466 0.533   13.3558 10.5104 7.6999
 79  10  -0.095 0.343 -0.075 0.594 0.599   13.4443 10.3586 7.3785
 80  10  -0.181 -0.229 0.231 0.677 0.686   13.0801 10.1262 7.3607
 81  10  -0.205 0.727 -0.055 0.695 0.721   13.6845 10.5312 7.4760
 82  10  -0.194 0.847 -0.170 0.692 0.697   13.3176 10.2159 7.0182
 83  10  -0.147 -0.168 -0.043 0.646 0.649   13.2969 10.3729 7.4305
 84  10  -0.262 -0.560 0.437 0.747 0.787   13.4903 10.7061 7.9518
 85  10  0.355 0.273 0.426 0.139 0.155   13.6733 10.7837 8.1151
 86  10  -0.256 -0.379 1.049 0.746 0.772   13.7745 10.8110 7.8735
 87  10  0.505 0.658 0.389 -0.001 -0.012   14.9766 12.0293 9.5832
 88  10  -0.083 -0.490 1.090 0.542 0.645   13.0712 10.2165 7.2831
 89  10  -0.218 0.087 -0.168 0.715 0.723   13.3895 10.4166 7.6677
 90  10  -0.135 0.050 0.092 0.625 0.651   13.2654 10.1971 7.2566
 91  10  0.438 0.334 0.243 0.096 -0.028   14.4928 11.5785 9.0841
 92  10  0.015 0.700 -0.123 0.505 0.434   13.1912 10.1902 7.3443
 93  10  -0.309 -0.511 0.464 0.797 0.829   13.8707 10.9656 8.2274
 94  10  -0.125 -0.179 0.344 0.621 0.631   13.0824 10.0856 7.1551
 95  10  0.168 -0.612 1.122 0.160 0.635   13.5566 10.6892 7.7400
 96  10  -0.009 0.789 -0.236 0.564 0.339   12.7808 9.9845 7.0646
 97  10  -0.108 1.212 -0.703 0.897 -0.180   13.7858 10.7003 7.7386
 98  10  -0.249 -0.186 -0.367 0.753 0.744   13.4685 10.5138 7.7557
 99  10  -0.230 0.649 -0.257 0.731 0.729   13.5971 10.4320 7.3265
100  10  0.051 0.653 0.010 0.453 0.441   13.5066 10.4436 7.4410
---------------------------------------------------------------
AVG  10  -0.053 0.179 0.163 0.555 0.541   13.4531 10.4802 7.6136
MIN  10  -0.393 -0.801 -0.976 -0.101 -0.180   12.7808 9.8809 7.0062
MAX  10  0.540 1.643 1.545 0.926 0.935   15.0312 12.0293 9.5832

  # Samp Profile                         DE76    De94   DL
---------------------------------------------------------------
  1  30  -0.094 -0.032 0.251 0.576 0.626   13.1830 10.3230 7.3564
  2  30  -0.036 -0.158 0.651 0.514 0.566   13.4732 10.7239 8.0244
  3  30  -0.213 -0.267 0.184 0.704 0.726   13.1599 10.3325 7.5339
  4  30  -0.062 -0.220 0.097 0.557 0.569   12.9876 10.0288 7.3326
  5  30  -0.009 0.171 0.257 0.506 0.514   13.3580 10.5531 7.7363
  6  30  0.053 -0.039 0.607 0.439 0.459   12.8040 9.9290 7.0813
  7  30  -0.036 0.134 -0.143 0.542 0.526   12.7721 9.8958 7.1268
  8  30  -0.025 0.219 0.211 0.512 0.542   12.7515 9.7389 6.7223
  9  30  -0.234 0.197 -0.001 0.727 0.743   13.5139 10.5227 7.7758
 10  30  0.040 0.183 0.307 0.405 0.503   13.4066 10.2034 7.3956
 11  30  -0.071 -0.170 0.784 0.560 0.586   13.2745 10.3017 7.4512
 12  30  -0.069 0.247 0.085 0.574 0.559   13.0000 10.0003 6.9375
 13  30  0.096 0.046 0.400 0.389 0.437   13.2426 10.4513 7.6052
 14  30  0.036 0.178 -0.073 0.464 0.463   12.6462 9.8166 6.9501
 15  30  0.069 0.394 0.086 0.432 0.428   13.3127 10.1674 7.2886
 16  30  0.000 0.480 -0.008 0.497 0.502   12.8869 10.2032 7.6951
 17  30  0.013 0.146 0.260 0.469 0.516   12.5775 9.5523 6.8172
 18  30  -0.087 -0.230 0.359 0.563 0.631   12.1464 9.4529 6.8237
 19  30  -0.116 0.176 0.004 0.613 0.620   12.9159 9.8501 7.1805
 20  30  0.040 -0.108 0.457 0.451 0.476   12.6186 9.8920 7.0944
 21  30  -0.093 0.021 0.019 0.589 0.601   13.3311 10.1258 7.2961
 22  30  -0.128 -0.273 0.676 0.544 0.755   12.6916 9.7156 6.9138
 23  30  0.153 0.640 0.001 0.356 0.332   13.5521 10.4228 7.4889
 24  30  -0.087 -0.113 0.134 0.583 0.592   12.8143 9.6189 6.7253
 25  30  -0.005 0.485 -0.017 0.510 0.493   13.0299 9.9889 7.0866
 26  30  -0.061 0.017 0.266 0.565 0.555   12.6896 9.7320 6.8308
 27  30  -0.081 0.153 0.067 0.573 0.595   12.7163 9.8383 6.8916
 28  30  -0.052 -0.165 0.425 0.512 0.607   12.9197 10.2547 7.5521
 29  30  0.075 0.271 -0.039 0.430 0.415   13.0363 9.8340 6.8790
 30  30  0.131 0.161 0.013 0.372 0.365   13.4014 10.1744 7.2181
 31  30  0.143 0.355 0.029 0.380 0.321   13.7717 10.4895 7.4875
 32  30  -0.024 0.054 0.103 0.513 0.543   12.8141 9.9634 7.3157
 33  30  -0.122 -0.001 0.184 0.616 0.626   13.1952 10.2223 7.3783
 34  30  -0.085 0.024 0.142 0.578 0.595   12.8544 10.0774 7.2698
 35  30  -0.002 0.097 0.370 0.474 0.539   12.7626 10.0314 7.2501
 36  30  -0.143 0.109 0.218 0.618 0.682   13.1534 10.3867 7.5642
 37  30  0.086 0.040 0.264 0.401 0.432   13.0797 10.0542 7.1163
 38  30  0.091 0.319 0.144 0.405 0.417   13.4872 10.5135 7.8462
 39  30  0.018 0.198 0.046 0.482 0.481   12.4756 9.6883 7.0912
 40  30  0.234 0.431 -0.278 0.281 0.242   14.0260 10.9136 8.0664
 41  30  -0.067 -0.068 0.431 0.565 0.569   12.4776 9.6979 6.8838
 42  30  -0.102 0.200 0.217 0.601 0.593   12.7990 9.7144 6.6124
 43  30  -0.068 0.657 -0.137 0.575 0.553   14.2021 10.7418 7.4491
 44  30  -0.206 -0.714 0.989 0.636 0.809   13.4040 10.9489 8.2953
 45  30  0.098 0.132 0.383 0.396 0.404   13.0409 10.1147 7.2884
 46  30  -0.091 -0.129 0.338 0.570 0.624   12.8485 9.9163 7.1410
 47  30  -0.005 0.304 0.071 0.502 0.508   13.1651 9.9797 6.8330
 48  30  -0.065 0.170 0.156 0.558 0.576   13.2104 10.1457 7.2418
 49  30  -0.132 -0.055 -0.020 0.630 0.635   12.5680 9.6066 7.0448
 50  30  -0.078 0.064 0.124 0.569 0.592   12.9077 9.8274 7.0353
 51  30  -0.078 -0.222 0.285 0.567 0.597   13.4966 10.3525 7.3813
 52  30  0.022 -0.014 0.212 0.460 0.508   12.7558 9.9840 7.1116
 53  30  0.039 0.252 -0.111 0.462 0.458   13.1909 10.1293 7.2303
 54  30  -0.021 0.064 0.431 0.487 0.566   13.1769 10.3239 7.6381
 55  30  -0.106 -0.236 0.391 0.578 0.648   12.7722 9.8181 7.3417
 56  30  -0.090 0.145 0.331 0.536 0.653   12.9446 9.9805 7.1034
 57  30  0.018 -0.096 0.397 0.467 0.505   13.0341 10.0004 7.3628
 58  30  -0.110 -0.104 0.193 0.603 0.619   13.6821 10.4172 7.5235
 59  30  -0.055 0.074 0.114 0.554 0.554   13.1473 10.0755 7.3239
 60  30  -0.169 0.237 0.010 0.667 0.669   13.1157 10.1277 7.2153
 61  30  0.067 0.265 -0.115 0.445 0.413   13.5632 10.3770 7.3521
 62  30  -0.164 0.022 -0.074 0.669 0.655   13.4111 10.1283 7.0895
 63  30  -0.061 0.661 -0.136 0.569 0.545   12.9869 10.0441 7.1934
 64  30  -0.059 -0.266 0.136 0.552 0.573   13.2217 9.9686 7.0180
 65  30  -0.053 0.105 0.013 0.551 0.558   12.7253 10.1617 7.4920
 66  30  0.072 0.276 0.008 0.432 0.419   13.4645 10.3491 7.3809
 67  30  -0.051 0.345 0.119 0.554 0.266   13.4326 10.3531 7.4088
 68  30  -0.081 -0.247 0.618 0.551 0.627   13.0881 10.1687 7.4057
 69  30  -0.042 -0.201 -0.032 0.541 0.544   12.9017 9.8314 7.0500
 70  30  -0.144 -0.201 0.283 0.637 0.654   13.2708 10.7019 8.0480
 71  30  -0.036 -0.071 -0.003 0.535 0.539   13.1170 9.9839 6.7878
 72  30  -0.094 -0.034 -0.023 0.595 0.591   13.3669 10.2383 7.4653
 73  30  0.013 0.063 0.077 0.485 0.692   12.5070 9.7387 6.9164
 74  30  -0.145 -0.249 0.141 0.640 0.654   13.2877 10.3880 7.3544
 75  30  0.011 -0.105 0.526 0.470 0.520   13.1232 10.1206 7.5691
 76  30  -0.050 0.063 -0.078 0.552 0.547   12.6071 9.6074 6.7513
 77  30  -0.068 0.164 0.001 0.565 0.572   13.3311 10.1767 7.1690
 78  30  -0.139 -0.187 0.147 0.635 0.646   13.2802 10.3226 7.6380
 79  30  -0.036 0.261 -0.044 0.538 0.532   13.6912 10.4354 7.2349
 80  30  -0.104 -0.076 0.157 0.593 0.621   13.2077 10.2003 7.3829
 81  30  0.023 0.414 0.046 0.476 0.481   12.5064 9.6886 6.6299
 82  30  -0.055 -0.151 0.109 0.550 0.562   13.4569 10.2231 7.0992
 83  30  0.021 -0.340 0.496 0.455 0.719   12.5215 9.8827 7.2475
 84  30  -0.073 0.263 -0.443 0.582 0.557   13.2841 10.1368 7.0352
 85  30  -0.050 -0.209 0.390 0.527 0.586   13.1069 10.3849 7.7383
 86  30  -0.007 0.224 -0.084 0.513 0.495   12.9175 10.2356 7.4047
 87  30  0.129 0.095 0.141 0.372 0.370   13.3689 10.2343 7.3491
 88  30  0.027 0.194 0.257 0.463 0.487   12.8946 10.0359 7.3295
 89  30  -0.142 0.069 0.215 0.608 0.696   13.3019 10.4982 7.7380
 90  30  -0.193 0.164 -0.220 0.693 0.692   13.5519 10.4199 7.4565
 91  30  -0.029 0.250 -0.063 0.530 0.528   13.1972 10.1805 7.4385
 92  30  0.006 -0.005 0.072 0.492 0.497   13.3370 10.2128 7.0305
 93  30  -0.124 -0.314 0.122 0.613 0.643   13.3265 10.3423 7.4401
 94  30  0.038 0.707 -0.543 0.712 0.381   13.0149 10.1448 7.2770
 95  30  -0.152 -0.212 0.001 0.647 0.661   13.1180 9.8705 7.0206
 96  30  0.036 0.265 0.096 0.460 0.472   13.0707 10.2088 7.4847
 97  30  -0.101 -0.084 -0.151 0.602 0.600   13.9176 10.5164 7.4909
 98  30  -0.018 -0.228 0.385 0.504 0.543   12.8054 9.8313 7.0491
 99  30  0.151 0.373 0.084 0.356 0.532   12.9034 9.7663 7.0864
100  30  0.076 0.310 0.195 0.416 0.435   14.1285 10.9337 7.7669
---------------------------------------------------------------
AVG  30  -0.035 0.072 0.152 0.529 0.549   13.1109 10.1293 7.2807
MIN  30  -0.234 -0.714 -0.543 0.281 0.242   12.1464 9.4529 6.6124
MAX  30  0.234 0.707 0.989 0.727 0.809   14.2021 10.9489 8.2953

  # Samp Profile                         DE76    De94   DL
---------------------------------------------------------------
  1  90  -0.042 0.129 0.251 0.510 0.600   13.6652 10.4037 7.6820
  2  90  -0.057 -0.008 0.256 0.558 0.555   13.4650 9.9767 6.5056
  3  90  -0.040 0.048 0.234 0.529 0.558   12.3976 9.7078 6.8930
  4  90  -0.069 0.112 0.251 0.573 0.560   13.3933 8.4857 4.5776
  5  90  -0.061 0.084 0.236 0.557 0.571   13.5392 11.0752 8.0172
  6  90  -0.112 0.094 0.259 0.594 0.435   13.1322 9.4145 6.1787
  7  90  -0.058 0.117 0.318 0.555 0.558   12.9783 10.0849 7.4472
  8  90  -0.070 -0.062 0.070 0.563 0.581   13.9992 11.5167 8.6769
  9  90  -0.028 0.076 -0.014 0.534 0.518   11.4122 8.3597 4.6339
 10  90  -0.044 0.171 0.338 0.482 0.636   14.9836 10.4884 6.8947
 11  90  -0.050 0.044 0.203 0.557 0.536   13.7144 10.3578 7.5462
 12  90  -0.013 -0.055 0.188 0.512 0.515   11.4115 8.1098 5.2974
 13  90  -0.047 -0.048 0.364 0.551 0.541   14.0672 11.5308 9.2030
 14  90  -0.055 0.032 0.217 0.555 0.555   14.2667 10.5570 6.9715
 15  90  -0.014 0.224 0.116 0.515 0.515   12.7755 9.3848 6.7956
 16  90  -0.019 0.074 0.352 0.499 0.552   11.9652 10.3326 8.2314
 17  90  -0.070 0.073 0.413 0.527 0.613   15.1110 11.8464 8.8903
 18  90  -0.062 0.119 0.289 0.559 0.567   13.0158 9.3672 6.2626
 19  90  -0.050 -0.029 0.285 0.519 0.603   12.7467 9.8178 6.7151
 20  90  -0.072 0.124 0.345 0.536 0.618   11.9532 9.9442 7.8738
 21  90  -0.056 0.065 0.323 0.551 0.566   11.5361 8.2056 6.0464
 22  90  -0.045 -0.091 0.066 0.539 0.557   13.1132 10.5954 8.6872
 23  90  -0.073 0.037 0.200 0.578 0.565   16.0411 11.8601 8.3857
 24  90  -0.061 0.002 0.073 0.561 0.558   10.9303 9.1944 6.9245
 25  90  -0.055 0.075 0.329 0.547 0.567   13.5103 9.5222 7.0113
 26  90  -0.011 -0.124 0.103 0.503 0.525   13.7194 11.4572 9.0613
 27  90  -0.048 -0.042 0.097 0.544 0.555   15.6402 12.5030 9.8056
 28  90  -0.005 0.188 0.174 0.492 0.532   12.3998 8.2457 5.6719
 29  90  -0.029 0.234 0.286 0.511 0.548   16.5010 12.0469 8.6615
 30  90  -0.048 0.123 0.302 0.544 0.554   13.6508 9.6985 6.7002
 31  90  -0.045 0.160 0.217 0.524 0.579   12.7869 8.7184 3.4889
 32  90  -0.151 0.118 0.277 0.626 0.483   13.3946 11.0399 7.7822
 33  90  -0.092 0.005 0.299 0.599 0.581   12.6018 10.4601 8.0409
 34  90  -0.100 0.188 0.256 0.561 0.642   12.8595 10.2596 7.8910
 35  90  -0.067 0.098 0.386 0.572 0.553   8.1999 6.7233 5.0551
 36  90  -0.037 0.033 0.117 0.551 0.517   11.3907 9.0722 5.9421
 37  90  -0.057 0.009 0.321 0.555 0.562   11.2993 8.1195 4.7011
 38  90  -0.016 0.153 0.188 0.496 0.558   13.8580 10.3640 7.5060
 39  90  -0.055 -0.083 0.002 0.547 0.568   13.0413 9.8199 6.9857
 40  90  -0.061 0.040 0.132 0.564 0.552   14.8064 11.2323 8.1076
 41  90  -0.013 0.032 0.114 0.521 0.502   9.8676 8.5352 7.0357
 42  90  -0.076 0.040 0.398 0.569 0.577   13.6242 10.4210 7.4806
 43  90  -0.029 -0.114 0.038 0.524 0.539   12.6601 9.5389 6.5999
 44  90  -0.087 0.111 0.319 0.600 0.562   13.2597 9.9867 6.9718
 45  90  -0.036 -0.058 0.123 0.527 0.550   13.5044 9.5072 6.8590
 46  90  -0.057 -0.013 0.062 0.551 0.567   12.0491 9.5956 7.1718
 47  90  -0.006 0.149 0.284 0.479 0.551   14.5093 9.9158 4.9966
 48  90  -0.051 0.036 0.094 0.547 0.555   13.9624 9.3931 6.2091
 49  90  -0.048 0.098 0.290 0.533 0.578   12.1014 11.0690 10.0107
 50  90  -0.043 -0.032 0.120 0.537 0.553   12.2247 9.7526 7.5250
 51  90  -0.011 0.009 0.285 0.710 0.510   15.2023 10.8119 4.9780
 52  90  -0.061 0.128 0.340 0.500 0.665   13.6777 10.5637 7.1236
 53  90  -0.021 0.039 0.331 0.487 0.577   14.0304 10.6937 7.4715
 54  90  -0.054 0.065 0.153 0.537 0.584   13.6299 10.6608 5.9663
 55  90  0.000 -0.072 0.139 0.473 0.549   13.5945 11.4568 9.1638
 56  90  -0.042 -0.055 0.052 0.535 0.554   13.6553 10.2751 7.7189
 57  90  -0.046 0.125 0.252 0.520 0.587   10.5218 7.8763 5.3897
 58  90  -0.057 0.081 0.327 0.512 0.636   13.5862 10.8167 8.0296
 59  90  -0.037 0.105 -0.021 0.549 0.518   14.1392 10.1968 5.9913
 60  90  -0.096 0.009 0.098 0.593 0.597   15.8966 12.4546 8.7576
 61  90  -0.060 0.037 0.215 0.541 0.593   12.5061 10.0232 7.4269
 62  90  -0.030 0.038 0.181 0.532 0.522   11.2507 8.5026 6.0836
 63  90  -0.043 -0.115 -0.030 0.538 0.552   13.7685 12.1225 10.1151
 64  90  -0.066 0.050 0.196 0.575 0.551   9.9789 8.3403 5.5365
 65  90  -0.031 -0.055 0.008 0.526 0.540   14.0276 11.3548 8.6944
 66  90  -0.030 0.126 0.319 0.500 0.570   10.6079 8.6664 6.4237
 67  90  -0.004 0.043 0.330 0.500 0.511   14.1290 9.9154 6.1137
 68  90  -0.069 -0.037 0.078 0.578 0.555   10.8089 9.1101 6.7524
 69  90  -0.062 0.120 0.318 0.540 0.588   15.1869 10.0448 5.6097
 70  90  -0.040 -0.098 -0.008 0.540 0.542   14.7334 11.2652 8.3886
 71  90  -0.051 0.029 0.292 0.546 0.554   12.6065 9.6186 7.4205
 72  90  -0.083 0.142 0.234 0.562 0.616   13.6756 8.9416 5.2784
 73  90  -0.050 0.003 0.168 0.540 0.565   12.8726 9.4062 6.1095
 74  90  -0.041 0.034 0.383 0.496 0.608   11.6349 8.8391 5.8108
 75  90  -0.038 -0.049 0.146 0.524 0.561   15.3838 11.9624 8.3682
 76  90  0.005 0.095 0.126 0.501 0.485   11.6085 9.6494 6.9964
 77  90  -0.081 0.021 0.206 0.594 0.563   11.8117 9.7458 7.0518
 78  90  -0.028 0.053 0.106 0.529 0.525   12.2915 9.6085 7.3223
 79  90  -0.008 -0.016 0.158 0.505 0.516   10.9489 8.9180 7.0831
 80  90  -0.071 0.104 0.318 0.567 0.569   12.9233 9.8425 6.7629
 81  90  -0.048 0.053 0.295 0.551 0.543   9.2969 7.4162 5.1471
 82  90  -0.050 0.170 0.368 0.524 0.586   11.5736 9.0610 6.3004
 83  90  0.002 0.065 0.183 0.494 0.499   14.7937 10.7729 6.9104
 84  90  -0.052 0.073 0.333 0.546 0.557   14.0606 11.0539 9.0306
 85  90  -0.031 0.081 0.212 0.533 0.526   11.0260 9.2267 6.7100
 86  90  -0.055 0.194 0.180 0.566 0.531   17.5127 11.6762 6.9073
 87  90  -0.072 0.060 0.101 0.577 0.563   15.7898 11.0783 7.9803
 88  90  -0.036 0.045 0.260 0.538 0.532   10.7738 9.1401 7.5936
 89  90  -0.050 -0.107 -0.011 0.546 0.556   11.7458 8.3296 5.4588
 90  90  -0.067 0.012 0.345 0.565 0.569   13.5438 10.0215 6.2027
 91  90  -0.025 0.106 0.334 0.478 0.611   13.0044 8.9027 5.4722
 92  90  -0.017 -0.015 0.270 0.523 0.509   10.9483 8.9233 6.4412
 93  90  -0.049 0.046 0.267 0.533 0.573   14.1297 9.7662 5.8067
 94  90  -0.034 0.082 0.323 0.506 0.579   12.9450 9.9189 7.4746
 95  90  -0.050 0.116 0.302 0.538 0.566   13.1589 9.3276 5.3457
 96  90  -0.029 0.163 0.336 0.498 0.570   14.1302 10.0394 7.5053
 97  90  -0.043 -0.030 0.120 0.523 0.579   12.0595 9.1520 6.6008
 98  90  -0.057 0.091 0.302 0.560 0.552   13.2504 10.4344 7.4732
 99  90  -0.008 -0.032 0.082 0.495 0.532   12.3564 10.3050 7.9097
100  90  -0.089 -0.094 0.026 0.583 0.599   15.5134 13.5830 11.7052
---------------------------------------------------------------
AVG  90  -0.048 0.048 0.213 0.540 0.558   13.0534 9.9743 7.0452
MIN  90  -0.151 -0.124 -0.030 0.473 0.435   8.1999 6.7233 3.4889
MAX  90  0.005 0.234 0.413 0.710 0.665   17.5127 13.5830 11.7052

