  # Samp Profile                         DE76    De94   DL
---------------------------------------------------------------
  1   1  0.964 0.557 1.016 -0.472 -0.450   11.5002 10.0800 7.8311
  2   1  0.705 -1.466 1.959 -1.013 1.693   15.7400 13.9461 10.9276
  3   1  0.424 -0.277 0.613 0.058 0.113   12.0659 10.5967 8.3930
  4   1  1.189 0.799 1.042 -0.682 -0.701   12.3182 10.8946 8.6990
  5   1  1.269 1.757 0.203 -0.709 -0.875   12.6171 11.0706 8.9578
  6   1  0.424 -0.277 0.613 0.058 0.113   12.0659 10.5967 8.3930
  7   1  -0.194 1.158 -0.661 1.083 -0.201   14.3190 12.7909 10.5420
  8   1  1.748 -2.938 3.386 -1.992 1.217   17.3961 15.0145 10.5428
  9   1  0.740 -1.104 1.540 -0.444 0.242   12.6410 11.0285 8.3215
 10   1  1.668 4.521 -1.595 -0.939 -1.564   16.3077 14.2221 11.7463
 11   1  0.539 0.711 0.135 -0.028 -0.055   11.7369 10.2775 8.1313
 12   1  0.876 0.335 0.581 -0.352 -0.422   11.3371 9.9101 7.6449
 13   1  1.668 3.411 0.219 -1.092 -1.308   15.5043 13.6704 11.2966
 14   1  0.944 -0.965 1.457 -0.775 1.309   13.6377 11.9966 9.3023
 15   1  1.928 1.218 1.640 -1.417 -1.449   18.2954 16.6443 14.1814
 16   1  0.635 1.149 -0.676 -0.052 -0.264   11.8559 10.3465 8.1935
 17   1  0.990 -0.114 0.817 -0.474 -0.522   11.8914 10.4589 8.1197
 18   1  0.795 0.904 0.340 -0.292 -0.300   11.2836 9.8377 7.6925
 19   1  -0.166 -0.807 1.592 0.589 0.777   16.6297 15.1221 12.9637
 20   1  1.610 0.788 1.332 -1.095 -1.138   15.4210 13.9365 11.6503
 21   1  1.307 1.288 0.667 -0.761 -0.893   12.7654 11.2855 9.1181
 22   1  -0.025 0.020 0.194 0.508 0.558   14.8619 13.4689 11.6010
 23   1  0.001 -0.012 0.438 0.498 0.500   14.5572 13.1245 11.1958
 24   1  -0.171 -0.405 1.067 0.657 0.693   16.1926 14.7492 12.8084
 25   1  -0.559 -1.517 2.347 0.889 1.278   22.0187 20.3862 18.0513
 26   1  2.380 3.064 1.284 -1.847 -1.935   20.8801 18.9835 16.2293
 27   1  0.797 0.318 0.391 -0.243 -0.420   11.2351 9.8120 7.5998
 28   1  0.272 -1.278 1.784 -0.778 1.526   16.5491 14.8406 12.1160
 29   1  1.269 1.757 0.203 -0.709 -0.875   12.6171 11.0706 8.9578
 30   1  1.928 1.218 1.640 -1.417 -1.449   18.2954 16.6443 14.1814
 31   1  1.307 1.288 0.667 -0.761 -0.893   12.7654 11.2855 9.1181
 32   1  0.964 0.557 1.016 -0.472 -0.450   11.5002 10.0800 7.8311
 33   1  1.238 1.654 0.296 -0.720 -0.767   12.3120 10.8038 8.7097
 34   1  0.670 -0.797 1.084 -0.227 -0.030   12.0262 10.5065 7.9927
 35   1  2.711 -3.942 4.432 -3.220 1.955   20.8991 17.8172 11.9384
 36   1  0.466 0.626 0.409 0.036 0.030   11.8732 10.4144 8.2859
 37   1  1.668 3.411 0.219 -1.092 -1.308   15.5043 13.6704 11.2966
 38   1  0.484 0.267 0.423 0.018 0.013   11.6717 10.2892 8.1709
 39   1  0.293 2.435 -2.085 0.882 -0.648   13.9145 12.1865 9.6234
 40   1  1.748 -2.938 3.386 -1.992 1.217   17.3961 15.0145 10.5428
 41   1  0.305 -0.476 0.977 -0.329 0.829   13.7218 12.2129 9.9914
 42   1  0.797 0.318 0.391 -0.243 -0.420   11.2351 9.8120 7.5998
 43   1  0.782 0.656 0.310 -0.284 -0.278   11.2613 9.8166 7.6333
 44   1  -0.519 0.301 -0.611 1.018 1.020   19.6101 18.2666 16.6279
 45   1  1.115 1.416 -0.854 -0.568 -0.681   11.9430 10.4200 8.3885
 46   1  2.711 -3.942 4.432 -3.220 1.955   20.8991 17.8172 11.9384
 47   1  0.001 -0.012 0.438 0.498 0.500   14.5572 13.1245 11.1958
 48   1  -0.120 -0.696 1.259 0.480 0.813   16.3664 14.8930 12.8074
 49   1  0.051 1.690 -1.205 0.947 -0.550   13.4241 11.8174 9.4343
 50   1  0.484 0.267 0.423 0.018 0.013   11.6717 10.2892 8.1709
 51   1  1.529 1.961 1.024 -1.004 -1.072   14.2691 12.6832 10.3989
 52   1  2.034 2.580 1.160 -1.503 -1.589   18.3298 16.5490 14.0067
 53   1  0.582 0.493 0.270 -0.049 -0.156   11.4727 10.0209 7.8534
 54   1  0.876 0.335 0.581 -0.352 -0.422   11.3371 9.9101 7.6449
 55   1  2.711 -3.942 4.432 -3.220 1.955   20.8991 17.8172 11.9384
 56   1  1.305 1.823 -0.907 -0.772 -0.858   12.7572 11.1570 9.1112
 57   1  0.782 0.656 0.310 -0.284 -0.278   11.2613 9.8166 7.6333
 58   1  0.116 0.608 -0.035 0.406 0.334   13.7170 12.2579 10.2208
 59   1  1.668 4.521 -1.595 -0.939 -1.564   16.3077 14.2221 11.7463
 60   1  2.102 3.512 -0.833 -1.344 -2.064   18.5967 16.5728 13.8381
 61   1  0.797 0.318 0.391 -0.243 -0.420   11.2351 9.8120 7.5998
 62   1  -1.418 -0.018 -0.582 1.925 1.896   29.9434 28.6532 27.3213
 63   1  2.102 3.512 -0.833 -1.344 -2.064   18.5967 16.5728 13.8381
 64   1  -0.080 -0.421 0.725 0.546 0.631   15.4517 14.0080 12.0771
 65   1  -0.166 -0.807 1.592 0.589 0.777   16.6297 15.1221 12.9637
 66   1  1.218 2.449 0.216 -0.665 -0.812   12.6915 11.0945 9.0455
 67   1  1.176 1.287 0.932 -0.666 -0.695   12.0727 10.6243 8.4824
 68   1  0.680 -0.702 0.981 -0.213 -0.111   11.8109 10.3374 7.8854
 69   1  0.635 1.149 -0.676 -0.052 -0.264   11.8559 10.3465 8.1935
 70   1  0.885 -1.101 1.543 -0.489 -0.182   12.7773 11.1988 8.4721
 71   1  1.305 1.823 -0.907 -0.772 -0.858   12.7572 11.1570 9.1112
 72   1  1.218 2.449 0.216 -0.665 -0.812   12.6915 11.0945 9.0455
 73   1  -0.025 0.020 0.194 0.508 0.558   14.8619 13.4689 11.6010
 74   1  0.668 -0.659 1.068 -0.228 -0.042   11.8912 10.3959 7.9204
 75   1  0.635 1.149 -0.676 -0.052 -0.264   11.8559 10.3465 8.1935
 76   1  1.087 1.149 0.610 -0.570 -0.616   11.6888 10.2382 8.0914
 77   1  0.539 0.711 0.135 -0.028 -0.055   11.7369 10.2775 8.1313
 78   1  0.305 0.771 -0.276 0.259 0.083   12.7022 11.2091 9.0788
 79   1  1.269 1.757 0.203 -0.709 -0.875   12.6171 11.0706 8.9578
 80   1  1.262 -2.724 2.878 -1.009 -0.238   16.4353 14.3361 10.5068
 81   1  0.964 0.557 1.016 -0.472 -0.450   11.5002 10.0800 7.8311
 82   1  1.668 3.411 0.219 -1.092 -1.308   15.5043 13.6704 11.2966
 83   1  1.556 2.059 0.721 -1.034 -1.093   14.3437 12.7314 10.4461
 84   1  -0.775 0.071 -0.027 1.197 1.432   22.9990 21.7132 20.2789
 85   1  1.502 -1.233 1.629 -1.012 -0.980   16.1044 14.4655 11.7794
 86   1  1.274 1.390 1.102 -0.773 -0.774   12.6098 11.1394 8.9632
 87   1  1.556 2.059 0.721 -1.034 -1.093   14.3437 12.7314 10.4461
 88   1  0.950 0.809 0.577 -0.412 -0.529   11.3834 9.9570 7.7714
 89   1  0.001 -0.012 0.438 0.498 0.500   14.5572 13.1245 11.1958
 90   1  1.529 1.961 1.024 -1.004 -1.072   14.2691 12.6832 10.3989
 91   1  0.466 0.626 0.409 0.036 0.030   11.8732 10.4144 8.2859
 92   1  1.748 -2.938 3.386 -1.992 1.217   17.3961 15.0145 10.5428
 93   1  0.668 -0.659 1.068 -0.228 -0.042   11.8912 10.3959 7.9204
 94   1  1.603 2.232 0.367 -1.072 -1.154   14.5743 12.9136 10.6123
 95   1  0.051 1.690 -1.205 0.947 -0.550   13.4241 11.8174 9.4343
 96   1  0.305 -0.476 0.977 -0.329 0.829   13.7218 12.2129 9.9914
 97   1  0.740 -1.104 1.540 -0.444 0.242   12.6410 11.0285 8.3215
 98   1  -0.025 0.020 0.194 0.508 0.558   14.8619 13.4689 11.6010
 99   1  0.582 0.493 0.270 -0.049 -0.156   11.4727 10.0209 7.8534
100   1  0.964 0.557 1.016 -0.472 -0.450   11.5002 10.0800 7.8311
---------------------------------------------------------------
AVG   1  0.882 0.521 0.686 -0.436 -0.174   14.3131 12.6938 10.2640
MIN   1  -1.418 -3.942 -2.085 -3.220 -2.064   11.2351 9.8120 7.5998
MAX   1  2.711 4.521 4.432 1.925 1.955   29.9434 28.6532 27.3213

  # Samp Profile                         DE76    De94   DL
---------------------------------------------------------------
  1   3  1.020 1.914 0.036 -0.473 -0.601   11.8054 10.2662 8.2001
  2   3  0.371 0.371 -0.020 0.134 0.124   12.3566 10.9424 8.8738
  3   3  0.908 0.991 0.114 -0.337 -0.542   11.4055 9.9412 7.8087
  4   3  1.242 2.049 -1.773 -0.658 -0.869   12.9100 11.2073 9.1286
  5   3  0.251 0.024 0.425 0.228 0.287   12.8616 11.4256 9.3418
  6   3  1.008 1.190 0.799 -0.504 -0.516   11.5328 10.0945 7.9633
  7   3  0.596 1.115 0.066 -0.050 -0.179   11.6776 10.1874 8.0127
  8   3  0.662 0.263 0.459 -0.143 -0.201   11.4231 9.9793 7.7794
  9   3  0.167 0.628 -0.182 0.375 0.272   13.4906 12.0247 9.9516
 10   3  1.080 1.394 0.029 -0.566 -0.603   11.7569 10.2406 8.1197
 11   3  0.512 0.210 0.477 -0.015 -0.005   11.7157 10.2643 8.0881
 12   3  1.231 1.428 0.544 -0.685 -0.818   12.2763 10.8525 8.7553
 13   3  -0.042 -0.084 0.244 0.539 0.547   15.1798 13.7410 11.8569
 14   3  0.125 1.347 -0.641 0.477 0.169   13.8175 12.2536 10.0168
 15   3  1.262 2.346 0.477 -0.720 -0.838   12.8304 11.2422 9.1597
 16   3  1.141 1.548 0.534 -0.625 -0.668   12.0288 10.5551 8.4564
 17   3  0.520 0.063 0.478 -0.016 -0.029   11.6220 10.1676 7.9813
 18   3  1.610 2.099 0.337 -1.087 -1.147   14.7511 13.0778 10.7553
 19   3  1.437 1.911 0.689 -0.893 -1.017   13.6005 12.0213 9.8632
 20   3  0.607 0.338 0.563 -0.105 -0.110   11.2653 9.8790 7.7474
 21   3  0.182 -0.143 0.641 0.278 0.396   13.3994 11.9309 9.8997
 22   3  1.130 1.441 0.834 -0.618 -0.652   11.9501 10.4981 8.3827
 23   3  1.510 1.656 -0.496 -1.000 -1.025   13.4669 11.9273 9.9051
 24   3  0.763 0.152 0.804 -0.267 -0.254   11.3096 9.8918 7.6387
 25   3  1.371 1.299 1.070 -0.863 -0.884   13.2386 11.7330 9.4957
 26   3  0.793 0.592 0.831 -0.296 -0.286   11.2474 9.8042 7.5748
 27   3  0.883 1.146 -0.546 -0.349 -0.433   11.4514 9.9437 7.8348
 28   3  0.331 0.046 0.438 0.156 0.203   12.4559 11.0071 8.9112
 29   3  0.794 0.193 0.616 -0.283 -0.314   11.2695 9.8325 7.5522
 30   3  0.714 1.804 -1.384 0.140 -0.654   12.3744 10.7702 8.6150
 31   3  0.577 -0.024 0.550 -0.074 -0.085   11.5127 10.0612 7.8373
 32   3  1.234 1.799 0.133 -0.700 -0.789   12.4516 10.9206 8.8299
 33   3  0.652 -0.321 0.724 -0.158 -0.141   11.5440 10.0901 7.7518
 34   3  0.860 1.275 0.477 -0.346 -0.383   11.4311 9.9620 7.8261
 35   3  0.424 -0.159 0.568 0.058 0.114   12.1232 10.6545 8.4707
 36   3  1.447 2.086 0.377 -0.904 -1.019   13.5208 11.9380 9.8261
 37   3  0.933 -1.807 2.271 -0.961 0.842   14.3136 12.4433 9.2108
 38   3  1.183 1.366 0.741 -0.653 -0.738   12.0916 10.6352 8.5760
 39   3  0.639 0.498 0.588 -0.138 -0.140   11.2092 9.7566 7.5356
 40   3  0.774 -0.302 0.801 -0.324 0.899   12.7658 11.2758 9.0180
 41   3  0.529 -0.606 0.904 -0.072 0.065   12.0647 10.5500 8.1447
 42   3  0.706 -0.015 0.620 -0.199 -0.221   11.3311 9.8982 7.6093
 43   3  0.842 0.636 0.952 -0.352 -0.321   11.2134 9.7747 7.5504
 44   3  0.552 -0.796 1.181 -0.140 0.122   12.1750 10.6313 8.1613
 45   3  0.717 -0.558 0.853 -0.228 -0.195   11.6771 10.2584 7.8412
 46   3  0.759 -0.114 0.662 -0.245 -0.294   11.3775 9.9489 7.6267
 47   3  1.205 1.365 0.998 -0.694 -0.726   12.2136 10.7748 8.6545
 48   3  0.481 -0.788 1.187 -0.094 0.250   12.5137 10.9676 8.5302
 49   3  0.336 0.265 0.238 0.155 0.177   12.2178 10.7937 8.7842
 50   3  0.503 -0.085 0.653 -0.013 0.014   11.8324 10.3758 8.1694
 51   3  0.446 -0.157 0.564 0.041 0.083   11.9275 10.4458 8.2275
 52   3  0.286 0.929 -0.323 0.273 0.113   12.8131 11.3812 9.2800
 53   3  0.429 0.570 -0.240 0.084 0.053   12.3091 10.8270 8.7114
 54   3  1.329 1.895 -1.672 -0.750 -0.937   12.9297 11.2692 9.2509
 55   3  0.502 0.588 -0.148 0.011 -0.018   11.8241 10.4132 8.3219
 56   3  1.017 0.437 0.662 -0.489 -0.572   11.6298 10.2295 7.9993
 57   3  0.706 1.146 -0.856 -0.148 -0.287   11.8854 10.3793 8.2513
 58   3  0.632 0.892 0.477 -0.122 -0.151   11.4625 9.9892 7.8129
 59   3  1.020 -0.264 0.906 -0.509 -0.541   12.1320 10.6988 8.3276
 60   3  0.602 0.605 0.163 -0.100 -0.105   11.4385 10.0092 7.8742
 61   3  0.843 -0.002 0.643 -0.320 -0.394   11.3623 9.9385 7.6059
 62   3  1.284 0.196 0.841 -0.744 -0.864   13.0794 11.6815 9.5653
 63   3  0.308 0.776 -0.344 0.242 0.111   12.8455 11.3571 9.2429
 64   3  0.262 -0.150 0.690 0.203 0.283   12.8401 11.3653 9.2456
 65   3  0.943 1.257 0.749 -0.437 -0.452   11.4282 10.0155 7.8818
 66   3  0.541 0.025 0.502 -0.036 -0.051   11.4246 9.9709 7.7351
 67   3  0.842 1.172 0.639 -0.332 -0.361   11.2630 9.7967 7.6451
 68   3  0.307 0.751 -0.311 0.241 0.113   12.7661 11.2711 9.1313
 69   3  1.254 0.990 1.236 -0.755 -0.751   12.6655 11.2593 9.1344
 70   3  -0.143 -0.746 1.373 0.516 0.808   16.6815 15.1768 13.0657
 71   3  0.448 0.441 0.019 0.051 0.054   12.0223 10.5710 8.4606
 72   3  0.965 1.262 0.727 -0.458 -0.477   11.3763 9.9080 7.7359
 73   3  0.613 0.625 -0.061 -0.113 -0.115   11.4152 9.9691 7.8237
 74   3  0.075 -0.322 0.826 0.003 0.745   14.4708 12.9912 10.9318
 75   3  0.510 0.689 -0.320 0.002 -0.029   11.9529 10.5071 8.4208
 76   3  0.485 0.335 0.208 0.002 0.045   11.8711 10.4115 8.2437
 77   3  0.787 1.022 0.315 -0.277 -0.302   11.4410 9.9670 7.8165
 78   3  0.783 1.079 -0.693 -0.266 -0.307   11.5782 10.1312 8.0225
 79   3  1.557 2.530 -2.594 -0.976 -1.182   14.6251 12.7627 10.5518
 80   3  0.832 0.592 0.586 -0.313 -0.369   11.3846 9.9326 7.7149
 81   3  0.264 -0.161 0.675 0.208 0.289   12.8414 11.3814 9.2434
 82   3  1.069 1.359 0.138 -0.553 -0.595   11.7138 10.2352 8.1485
 83   3  0.975 1.641 -0.299 -0.420 -0.563   11.7920 10.2946 8.2573
 84   3  1.433 1.988 0.581 -0.878 -1.031   13.6052 12.0058 9.7849
 85   3  0.955 0.075 0.782 -0.442 -0.480   11.6688 10.2803 7.9938
 86   3  1.183 2.034 0.180 -0.626 -0.783   12.4051 10.8332 8.7456
 87   3  0.196 0.737 -0.145 0.343 0.228   13.2633 11.7816 9.7011
 88   3  1.164 1.634 0.199 -0.639 -0.704   12.1142 10.6056 8.5435
 89   3  1.424 1.129 0.420 -0.858 -1.044   13.6480 12.1143 9.8666
 90   3  1.616 2.016 0.108 -1.094 -1.153   14.5542 12.9129 10.6862
 91   3  0.718 0.819 0.483 -0.205 -0.241   11.4110 9.9507 7.7766
 92   3  0.566 0.856 0.153 -0.027 -0.144   11.6102 10.1907 8.0499
 93   3  1.056 1.541 -1.308 -0.492 -0.645   12.0146 10.4713 8.4881
 94   3  -0.148 -0.351 1.026 0.627 0.678   16.0145 14.5822 12.6528
 95   3  0.616 -0.258 0.691 -0.123 -0.100   11.6267 10.1588 7.8668
 96   3  1.055 0.973 -0.301 -0.563 -0.544   11.5475 10.0892 7.9764
 97   3  0.132 0.626 -0.077 0.393 0.318   13.7410 12.2734 10.2078
 98   3  0.444 -0.774 1.210 -0.099 0.362   12.7680 11.2601 8.8468
 99   3  0.790 1.056 -0.628 -0.264 -0.330   11.4275 9.9519 7.8982
100   3  0.459 -0.405 0.752 0.006 0.119   12.0257 10.5599 8.3319
---------------------------------------------------------------
AVG   3  0.760 0.687 0.311 -0.255 -0.254   12.3469 10.8597 8.6872
MIN   3  -0.148 -1.807 -2.594 -1.094 -1.182   11.2092 9.7566 7.5356
MAX   3  1.616 2.530 2.271 0.627 0.899   16.6815 15.1768 13.0657

  # Samp Profile                         DE76    De94   DL
---------------------------------------------------------------
  1  10  0.771 0.147 0.552 -0.248 -0.320   11.2442 9.7956 7.5334
  2  10  0.949 0.672 0.333 -0.386 -0.581   11.4960 10.0724 7.8944
  3  10  0.382 0.193 0.461 0.113 0.128   12.4346 11.0091 8.8813
  4  10  0.796 0.116 0.710 -0.290 -0.306   11.4532 9.9841 7.7161
  5  10  0.446 -0.398 0.882 -0.136 0.515   12.6883 11.2163 8.9997
  6  10  0.800 1.037 -0.334 -0.289 -0.318   11.4917 9.9699 7.8301
  7  10  0.681 0.685 0.751 -0.185 -0.174   11.5012 10.0887 7.8716
  8  10  0.703 0.033 0.605 -0.195 -0.221   11.2841 9.8838 7.5943
  9  10  0.692 0.041 0.595 -0.184 -0.208   11.2888 9.8136 7.4504
 10  10  0.624 0.025 0.573 -0.120 -0.132   11.5157 10.0617 7.8202
 11  10  0.837 1.268 0.379 -0.322 -0.362   11.4202 9.9343 7.7775
 12  10  0.431 -0.419 0.882 -0.080 0.494   12.7292 11.2034 9.0162
 13  10  0.973 1.207 0.883 -0.470 -0.478   11.5190 10.0444 7.8751
 14  10  0.779 0.840 0.886 -0.285 -0.269   11.3468 9.8413 7.5571
 15  10  1.025 1.396 0.722 -0.512 -0.550   11.4314 9.9913 7.8396
 16  10  0.977 0.876 1.002 -0.479 -0.475   11.3754 9.9898 7.8056
 17  10  0.772 0.921 0.644 -0.269 -0.278   11.2178 9.7259 7.4830
 18  10  0.528 -0.113 0.582 -0.035 -0.012   11.7828 10.3581 8.0663
 19  10  0.601 0.626 -0.434 -0.097 -0.105   11.5879 10.1283 8.0456
 20  10  1.053 0.889 0.200 -0.466 -0.722   11.6572 10.1791 7.9921
 21  10  0.852 0.627 0.837 -0.352 -0.351   11.2995 9.9459 7.8490
 22  10  0.477 -0.771 1.212 -0.176 0.491   13.2305 11.6400 9.1478
 23  10  0.826 1.140 0.705 -0.321 -0.336   11.1415 9.6785 7.5001
 24  10  0.656 0.334 0.652 -0.157 -0.154   11.4686 10.0398 7.8468
 25  10  0.616 0.715 -0.423 -0.108 -0.128   11.6891 10.3101 8.2220
 26  10  0.722 -0.089 0.654 -0.215 -0.236   11.4583 10.0427 7.7546
 27  10  0.754 0.111 0.592 -0.241 -0.282   11.1300 9.7804 7.5909
 28  10  0.528 0.757 0.097 -0.017 -0.045   11.7064 10.2762 8.1632
 29  10  0.927 0.530 0.807 -0.423 -0.435   11.3451 9.9764 7.7126
 30  10  0.775 -0.087 0.678 -0.265 -0.296   11.2376 9.9124 7.6885
 31  10  0.820 0.127 0.596 -0.298 -0.366   11.4124 9.9581 7.6830
 32  10  0.381 0.373 0.192 0.118 0.120   12.3628 10.8554 8.7617
 33  10  1.071 0.412 0.446 -0.495 -0.738   11.8727 10.5182 8.3217
 34  10  0.794 0.538 0.189 -0.310 -0.268   11.2858 9.9081 7.7251
 35  10  0.701 -0.345 0.783 -0.210 -0.179   11.7389 10.2398 7.8906
 36  10  1.105 1.218 0.811 -0.589 -0.634   12.0359 10.5534 8.3516
 37  10  0.472 0.472 -0.143 0.028 0.029   12.1902 10.8250 8.8128
 38  10  0.077 0.014 0.560 0.419 0.430   14.3446 12.8592 10.8756
 39  10  0.801 -0.189 0.747 -0.296 -0.311   11.4258 9.9736 7.5579
 40  10  0.727 0.497 0.821 -0.234 -0.216   11.2579 9.8014 7.6308
 41  10  0.800 -0.128 0.715 -0.292 -0.318   11.4162 9.9845 7.5781
 42  10  0.434 -0.381 0.824 -0.009 0.243   12.3258 10.8765 8.6409
 43  10  0.647 0.050 0.606 -0.145 -0.152   11.3537 10.0259 7.8677
 44  10  0.771 0.710 0.806 -0.274 -0.264   11.0911 9.6788 7.4999
 45  10  0.896 0.626 0.598 -0.376 -0.435   11.2341 9.7463 7.4638
 46  10  0.686 -0.443 0.845 -0.206 -0.140   11.5416 10.0264 7.5356
 47  10  1.102 1.513 0.866 -0.592 -0.620   11.9549 10.5817 8.5576
 48  10  0.880 0.647 0.925 -0.384 -0.373   11.5333 10.0984 7.9181
 49  10  0.852 1.113 0.821 -0.352 -0.353   11.4512 9.9694 7.7946
 50  10  1.002 1.607 0.412 -0.466 -0.568   11.5648 10.1013 8.0180
 51  10  0.819 0.449 0.499 -0.293 -0.370   11.1810 9.7241 7.4122
 52  10  0.810 0.918 0.277 -0.267 -0.393   11.4511 9.9651 7.7818
 53  10  1.059 0.987 0.863 -0.549 -0.578   11.8936 10.4170 8.2285
 54  10  0.380 -0.384 0.834 -0.028 0.698   13.5859 12.0464 9.8275
 55  10  0.858 1.346 0.636 -0.348 -0.378   11.4755 9.9215 7.6846
 56  10  0.753 0.298 0.519 -0.234 -0.289   11.0432 9.5904 7.4366
 57  10  0.805 -0.233 0.796 -0.306 -0.303   11.4580 9.9903 7.5567
 58  10  0.750 0.030 0.683 -0.247 -0.256   11.4027 10.0342 7.7341
 59  10  0.515 0.106 0.449 -0.008 -0.032   11.2782 9.8405 7.7367
 60  10  0.709 0.818 0.638 -0.207 -0.211   11.3921 9.9188 7.6999
 61  10  1.100 1.245 0.770 -0.585 -0.628   11.7881 10.3436 8.2296
 62  10  0.795 0.096 0.636 -0.282 -0.320   11.3108 9.8105 7.4209
 63  10  0.758 0.155 0.578 -0.242 -0.290   11.3659 9.9348 7.6746
 64  10  0.783 1.040 0.612 -0.277 -0.293   11.4822 9.9950 7.7911
 65  10  0.669 -0.117 0.643 -0.167 -0.173   11.2431 9.7915 7.4790
 66  10  0.487 0.394 0.245 0.007 0.021   11.5639 10.0842 8.0034
 67  10  1.118 1.803 -0.211 -0.569 -0.698   12.0166 10.4762 8.4919
 68  10  0.710 0.067 0.624 -0.204 -0.221   11.4801 10.0008 7.7107
 69  10  0.887 0.980 0.849 -0.385 -0.390   11.4317 9.9778 7.7880
 70  10  0.975 1.167 0.959 -0.474 -0.477   11.4578 9.9591 7.6812
 71  10  0.624 0.086 0.523 -0.115 -0.144   11.5278 10.1307 7.8919
 72  10  0.681 -0.832 1.147 -0.251 -0.010   12.1132 10.5642 8.0213
 73  10  0.498 1.140 -0.766 0.124 -0.163   12.2713 10.7976 8.5864
 74  10  0.940 1.429 0.371 -0.416 -0.479   11.5317 10.0138 7.8904
 75  10  0.382 -0.021 0.465 0.108 0.142   12.1731 10.6897 8.4514
 76  10  0.714 0.421 0.660 -0.214 -0.212   11.1977 9.7241 7.4642
 77  10  0.524 0.152 0.452 -0.018 -0.037   11.4520 10.0579 8.0191
 78  10  0.919 0.530 0.860 -0.421 -0.417   11.6051 10.1729 7.8634
 79  10  0.645 0.474 0.924 -0.151 -0.133   11.4938 10.1075 7.9492
 80  10  1.067 1.396 0.467 -0.554 -0.588   11.8035 10.3089 8.2214
 81  10  0.531 0.527 0.283 -0.031 -0.031   11.8277 10.3782 8.2353
 82  10  0.805 0.715 0.896 -0.311 -0.295   11.3061 9.8688 7.6683
 83  10  0.629 0.678 0.658 -0.132 -0.123   11.4935 10.0557 7.8836
 84  10  0.879 0.435 0.521 -0.353 -0.427   11.4024 9.9527 7.7077
 85  10  0.685 -0.067 0.626 -0.179 -0.197   11.2374 9.7831 7.4792
 86  10  0.626 -0.175 0.652 -0.128 -0.119   11.4211 9.9319 7.6790
 87  10  0.664 0.228 0.625 -0.163 -0.166   11.5052 10.0350 7.7538
 88  10  0.849 0.515 0.767 -0.348 -0.352   11.3564 10.0045 7.7445
 89  10  0.966 -0.260 0.887 -0.459 -0.479   12.0471 10.6335 8.2858
 90  10  0.444 0.560 -0.182 0.066 0.040   12.1140 10.6898 8.5822
 91  10  0.787 0.644 0.878 -0.291 -0.279   11.0547 9.6246 7.4946
 92  10  0.476 0.480 0.507 0.023 0.025   11.5716 10.1059 7.9931
 93  10  0.624 -0.458 0.825 -0.148 -0.072   11.7942 10.2854 7.8645
 94  10  0.853 0.304 0.821 -0.353 -0.354   11.4774 10.0853 7.8198
 95  10  1.002 0.318 0.516 -0.446 -0.624   11.6715 10.3200 8.1528
 96  10  0.902 1.113 0.851 -0.400 -0.404   11.2763 9.8845 7.7493
 97  10  0.848 1.196 0.465 -0.335 -0.370   11.0269 9.6252 7.5408
 98  10  0.583 0.226 0.385 -0.057 -0.144   11.3476 9.8921 7.7710
 99  10  0.834 1.156 0.723 -0.329 -0.343   11.4103 10.0023 7.8115
100  10  0.679 0.282 0.570 -0.176 -0.182   11.4256 9.9601 7.6550
---------------------------------------------------------------
AVG  10  0.744 0.461 0.584 -0.243 -0.238   11.6180 10.1698 7.9561
MIN  10  0.077 -0.832 -0.766 -0.592 -0.738   11.0269 9.5904 7.4122
MAX  10  1.118 1.803 1.212 0.419 0.698   14.3446 12.8592 10.8756

  # Samp Profile                         DE76    De94   DL
---------------------------------------------------------------
  1  30  0.807 0.729 0.557 -0.290 -0.338   11.7322 10.3298 8.1829
  2  30  0.749 0.311 0.554 -0.238 -0.268   10.9877 9.4656 7.2503
  3  30  0.796 0.408 0.491 -0.276 -0.332   11.2477 9.8020 7.5824
  4  30  0.635 0.407 0.286 -0.116 -0.166   11.3929 9.9322 7.6740
  5  30  0.830 0.565 0.512 -0.310 -0.365   11.4166 9.9666 7.8990
  6  30  0.886 0.458 0.603 -0.366 -0.422   11.4491 10.0597 7.8542
  7  30  0.782 0.212 0.533 -0.268 -0.305   10.9501 9.4761 7.2024
  8  30  0.759 0.474 0.297 -0.233 -0.302   11.3776 9.9352 7.8028
  9  30  0.951 0.759 0.558 -0.425 -0.499   11.4343 9.9249 7.7566
 10  30  1.041 1.201 0.773 -0.532 -0.555   12.2081 10.7852 8.5896
 11  30  1.012 0.797 0.615 -0.491 -0.548   11.7167 10.2208 8.0926
 12  30  0.677 0.583 0.297 -0.175 -0.181   11.5240 10.1025 7.6874
 13  30  0.986 1.042 0.554 -0.464 -0.525   11.5778 10.1740 8.0046
 14  30  0.808 0.727 0.226 -0.280 -0.354   10.9859 9.6957 7.7823
 15  30  0.641 0.435 0.532 -0.134 -0.153   11.4185 9.9636 7.9674
 16  30  0.822 0.452 0.495 -0.297 -0.370   11.2714 9.8621 7.6880
 17  30  0.595 -0.018 0.577 -0.095 -0.094   11.8732 10.3734 8.1143
 18  30  1.013 0.893 0.389 -0.472 -0.589   11.9055 10.3300 7.9320
 19  30  0.825 0.792 0.769 -0.324 -0.327   11.3335 9.7745 7.5704
 20  30  0.847 0.917 0.629 -0.341 -0.358   10.9787 9.4911 7.4195
 21  30  0.839 0.524 0.739 -0.337 -0.342   11.5242 10.0768 8.0083
 22  30  0.672 0.486 0.692 -0.173 -0.170   11.1471 9.7744 7.8010
 23  30  0.944 0.834 0.380 -0.418 -0.489   11.0556 9.6454 7.7821
 24  30  0.791 0.351 0.443 -0.255 -0.368   11.0783 9.5673 7.3522
 25  30  0.740 0.478 0.701 -0.240 -0.241   11.6688 10.2671 8.0521
 26  30  0.932 0.819 0.408 -0.408 -0.473   11.4493 9.9244 7.8243
 27  30  1.030 0.795 0.501 -0.490 -0.606   11.6432 10.3210 8.3555
 28  30  0.793 0.576 0.747 -0.291 -0.296   11.7349 10.3585 8.0540
 29  30  0.665 0.398 0.460 -0.158 -0.175   11.5455 10.0126 7.8082
 30  30  0.615 0.267 0.600 -0.115 -0.116   11.6260 10.1316 7.8205
 31  30  0.793 0.509 0.555 -0.280 -0.315   11.2484 9.7963 7.4144
 32  30  0.840 0.815 0.788 -0.340 -0.341   11.1602 9.7436 7.6543
 33  30  0.906 0.590 0.549 -0.380 -0.454   11.0878 9.5258 7.3293
 34  30  0.607 0.636 0.683 -0.110 -0.102   12.0354 10.6252 8.4311
 35  30  1.023 0.876 0.381 -0.484 -0.591   11.4777 10.0755 7.8769
 36  30  0.749 0.806 0.534 -0.233 -0.280   10.6943 9.2241 7.0459
 37  30  0.661 0.435 0.623 -0.159 -0.165   11.1144 9.6699 7.6091
 38  30  0.853 0.753 0.617 -0.346 -0.365   10.8080 9.3031 7.0558
 39  30  0.775 0.478 0.538 -0.258 -0.305   11.4466 9.9976 7.6052
 40  30  0.902 0.632 0.334 -0.394 -0.410   11.5079 10.1455 7.9263
 41  30  0.748 0.388 0.371 -0.209 -0.328   11.2918 9.8740 7.8766
 42  30  0.868 0.950 -0.194 -0.340 -0.408   11.2794 9.7883 7.6800
 43  30  0.920 1.002 0.576 -0.409 -0.439   11.4212 10.0585 7.8553
 44  30  0.767 0.863 0.457 -0.254 -0.290   10.6358 9.3904 7.3598
 45  30  0.706 0.351 0.716 -0.212 -0.193   11.6202 10.1930 8.1902
 46  30  0.763 0.619 0.251 -0.269 -0.251   11.7632 10.1795 7.8947
 47  30  0.603 0.036 0.529 -0.095 -0.119   11.1087 9.6081 7.4356
 48  30  0.630 0.196 0.514 -0.121 -0.147   10.9910 9.5983 7.5564
 49  30  0.887 0.275 0.573 -0.358 -0.444   11.4272 10.0330 7.8589
 50  30  0.861 0.794 0.338 -0.334 -0.408   11.8645 10.3528 8.0853
 51  30  0.572 0.242 0.522 -0.072 -0.069   11.3798 10.0564 8.1670
 52  30  0.827 0.612 0.608 -0.317 -0.344   10.8607 9.4414 7.3597
 53  30  0.939 0.750 0.634 -0.426 -0.463   10.9203 9.4310 7.3601
 54  30  0.993 1.085 0.532 -0.479 -0.517   11.5603 10.0461 7.8268
 55  30  0.801 0.795 0.531 -0.298 -0.305   11.3856 9.8485 7.6721
 56  30  0.774 0.617 0.515 -0.260 -0.299   10.7774 9.4699 7.3133
 57  30  0.664 0.369 0.617 -0.180 -0.135   11.2597 9.7484 7.5448
 58  30  0.662 0.644 0.525 -0.156 -0.171   10.7725 9.2952 7.2275
 59  30  0.700 0.436 0.509 -0.197 -0.205   11.1435 9.5680 7.1895
 60  30  0.835 0.660 0.494 -0.305 -0.394   11.0967 9.6415 7.5000
 61  30  0.785 0.717 0.656 -0.284 -0.287   11.0528 9.5735 7.3094
 62  30  0.850 0.513 0.513 -0.324 -0.399   11.4164 9.8544 7.5956
 63  30  0.814 0.497 0.569 -0.296 -0.344   11.2517 9.8476 7.5635
 64  30  0.711 0.542 0.416 -0.198 -0.235   11.1188 9.8039 7.8647
 65  30  0.875 0.714 0.408 -0.349 -0.419   10.7477 9.2603 7.2473
 66  30  0.694 0.681 0.617 -0.191 -0.198   11.1386 9.6872 7.5512
 67  30  0.898 0.736 0.391 -0.388 -0.414   11.5273 10.0520 7.9264
 68  30  0.802 0.540 0.430 -0.274 -0.355   10.8888 9.5225 7.5312
 69  30  1.009 0.893 0.675 -0.492 -0.539   11.8620 10.4036 8.3990
 70  30  0.829 0.540 0.557 -0.311 -0.365   11.5046 10.1444 8.3028
 71  30  0.680 0.384 0.460 -0.164 -0.208   11.0582 9.5907 7.5338
 72  30  0.896 0.755 0.591 -0.387 -0.412   11.3303 9.7862 7.6190
 73  30  0.832 0.317 0.732 -0.333 -0.327   11.2876 9.9835 7.8422
 74  30  0.923 0.937 0.624 -0.406 -0.456   11.3127 9.7502 7.4596
 75  30  0.761 1.062 0.282 -0.246 -0.286   11.1436 9.8359 7.8574
 76  30  0.681 0.416 0.524 -0.168 -0.207   11.3976 9.9629 7.7168
 77  30  0.757 0.422 0.383 -0.252 -0.265   11.1202 9.8133 7.6878
 78  30  0.690 0.850 0.336 -0.169 -0.230   11.2690 9.7261 7.4037
 79  30  0.696 0.235 0.608 -0.190 -0.208   11.3449 10.0013 7.7536
 80  30  1.019 0.827 0.671 -0.503 -0.546   11.6652 10.1427 8.0334
 81  30  0.544 0.200 0.546 -0.044 -0.044   12.1649 10.6300 8.2885
 82  30  0.857 0.510 0.569 -0.340 -0.387   11.2559 9.7857 7.5213
 83  30  0.887 0.697 0.498 -0.361 -0.437   11.2708 9.8263 7.4040
 84  30  0.625 0.673 0.573 -0.123 -0.128   11.2355 9.8847 7.7279
 85  30  0.813 0.427 0.579 -0.298 -0.340   11.4233 9.9980 7.7164
 86  30  0.948 0.342 0.576 -0.416 -0.509   11.0951 9.7304 7.7135
 87  30  0.750 0.768 0.538 -0.239 -0.268   11.0391 9.4787 7.1376
 88  30  0.623 0.461 0.557 -0.131 -0.108   10.9228 9.5812 7.3992
 89  30  0.844 0.676 0.450 -0.317 -0.395   11.5092 10.1423 7.9426
 90  30  0.817 0.301 0.730 -0.311 -0.327   11.2343 9.7394 7.5246
 91  30  0.869 0.632 0.311 -0.325 -0.451   11.3475 9.8814 7.6816
 92  30  0.622 0.259 0.684 -0.130 -0.107   11.8008 10.3225 8.1115
 93  30  0.679 0.234 0.548 -0.172 -0.192   11.2400 9.9976 7.9818
 94  30  0.828 0.717 0.415 -0.299 -0.380   10.8566 9.3925 7.1865
 95  30  0.862 0.530 0.456 -0.339 -0.403   10.9715 9.5355 7.2293
 96  30  0.759 0.692 0.737 -0.258 -0.261   11.5653 10.0994 7.8176
 97  30  0.648 0.668 0.585 -0.146 -0.151   11.2749 9.7969 7.6354
 98  30  0.645 0.268 0.334 -0.114 -0.195   11.3329 9.8801 7.6351
 99  30  0.838 1.034 0.407 -0.327 -0.358   11.1800 9.7145 7.3889
100  30  0.709 0.101 0.574 -0.199 -0.228   11.4817 10.0957 7.9742
---------------------------------------------------------------
AVG  30  0.795 0.587 0.522 -0.281 -0.320   11.3204 9.8773 7.7103
MIN  30  0.544 -0.018 -0.194 -0.532 -0.606   10.6358 9.2241 7.0459
MAX  30  1.041 1.201 0.788 -0.044 -0.044   12.2081 10.7852 8.5896

  # Samp Profile                         DE76    De94   DL
---------------------------------------------------------------
  1  90  0.820 0.641 0.629 -0.313 -0.333   9.3730 8.3946 6.8262
  2  90  0.781 0.500 0.421 -0.267 -0.304   11.6694 9.9842 7.8752
  3  90  0.816 0.540 0.568 -0.309 -0.326   12.8750 11.3838 9.4034
  4  90  0.783 0.420 0.347 -0.249 -0.345   12.2430 11.0202 9.6509
  5  90  0.768 0.618 0.666 -0.263 -0.277   10.6053 8.6571 5.2307
  6  90  0.780 0.549 0.403 -0.255 -0.325   12.2279 10.3480 7.3578
  7  90  0.749 0.521 0.566 -0.236 -0.273   11.2177 9.9361 8.4441
  8  90  0.779 0.536 0.543 -0.264 -0.305   12.4428 11.0960 9.2626
  9  90  0.770 0.619 0.678 -0.269 -0.272   9.8788 8.3024 5.3695
 10  90  0.778 0.536 0.601 -0.270 -0.290   10.4117 8.8077 6.5949
 11  90  0.801 0.602 0.731 -0.301 -0.302   11.2104 9.5010 7.2156
 12  90  0.824 0.585 0.617 -0.308 -0.355   10.3898 9.0570 7.6047
 13  90  0.830 0.558 0.344 -0.316 -0.352   13.5343 12.3042 8.8710
 14  90  0.805 0.582 0.417 -0.284 -0.341   10.2810 9.2285 7.3932
 15  90  0.800 0.594 0.545 -0.304 -0.293   11.0619 9.6134 7.7704
 16  90  0.807 0.554 0.514 -0.295 -0.328   9.6642 7.3762 4.8412
 17  90  0.797 0.572 0.631 -0.304 -0.283   12.3117 10.9640 8.3582
 18  90  0.794 0.532 0.443 -0.278 -0.320   11.3538 9.7184 7.8900
 19  90  0.816 0.620 0.578 -0.306 -0.332   12.0837 10.9843 8.9017
 20  90  0.845 0.599 0.511 -0.337 -0.353   11.0142 9.0819 7.2799
 21  90  0.823 0.581 0.513 -0.301 -0.363   14.2130 12.7591 10.9225
 22  90  0.739 0.504 0.602 -0.229 -0.257   9.3170 8.4581 6.5657
 23  90  0.781 0.522 0.565 -0.267 -0.308   12.8551 11.7307 9.9643
 24  90  0.793 0.654 0.713 -0.288 -0.302   11.5485 9.9326 8.3708
 25  90  0.812 0.714 0.592 -0.304 -0.326   10.1406 8.7270 5.5478
 26  90  0.824 0.596 0.572 -0.310 -0.351   11.4017 9.6355 7.7187
 27  90  0.791 0.689 0.571 -0.279 -0.313   9.6902 8.2408 4.5301
 28  90  0.772 0.543 0.537 -0.261 -0.290   10.9396 9.3543 7.4892
 29  90  0.758 0.456 0.456 -0.231 -0.310   10.3311 8.1915 5.8371
 30  90  0.791 0.477 0.456 -0.275 -0.318   9.6868 8.2653 6.2483
 31  90  0.825 0.494 0.405 -0.298 -0.372   10.6615 9.2382 7.2509
 32  90  0.811 0.542 0.594 -0.305 -0.322   12.2407 10.9846 9.1987
 33  90  0.787 0.461 0.478 -0.264 -0.330   10.4686 8.7296 5.7372
 34  90  0.819 0.541 0.342 -0.290 -0.367   10.7554 9.6947 7.9129
 35  90  0.797 0.742 0.715 -0.294 -0.302   12.1670 10.4677 8.1539
 36  90  0.822 0.540 0.529 -0.306 -0.349   12.4098 11.1257 8.7349
 37  90  0.792 0.547 0.407 -0.262 -0.351   11.2335 9.5449 6.2699
 38  90  0.785 0.650 0.681 -0.281 -0.295   11.8697 10.5009 8.4580
 39  90  0.767 0.492 0.382 -0.237 -0.323   9.2092 7.2576 4.8022
 40  90  0.726 0.477 0.621 -0.219 -0.238   11.1749 9.6600 7.2957
 41  90  0.822 0.516 0.353 -0.324 -0.312   13.5092 12.2659 10.2680
 42  90  0.862 0.544 0.336 -0.331 -0.417   11.4302 9.6060 7.6456
 43  90  0.747 0.589 0.644 -0.242 -0.254   9.0201 8.3768 7.0432
 44  90  0.802 0.461 0.458 -0.282 -0.337   12.4570 11.0797 8.6999
 45  90  0.793 0.631 0.531 -0.274 -0.329   12.2617 10.1850 6.4330
 46  90  0.768 0.535 0.626 -0.269 -0.266   10.5628 8.9729 6.9084
 47  90  0.754 0.386 0.363 -0.231 -0.287   11.9655 10.3609 8.5788
 48  90  0.814 0.525 0.456 -0.295 -0.349   13.4855 12.4055 10.9427
 49  90  0.791 0.624 0.739 -0.291 -0.291   11.4684 10.4157 8.3892
 50  90  0.737 0.439 0.448 -0.220 -0.265   11.7789 9.8146 7.7194
 51  90  0.793 0.589 0.475 -0.275 -0.324   8.8642 8.1025 6.5144
 52  90  0.760 0.438 0.457 -0.240 -0.298   11.3328 10.0238 8.4862
 53  90  0.805 0.517 0.459 -0.288 -0.334   13.2662 11.5641 8.0387
 54  90  0.754 0.441 0.629 -0.245 -0.272   14.2877 13.0684 10.2700
 55  90  0.795 0.631 0.534 -0.283 -0.316   13.1452 11.5484 8.5433
 56  90  0.786 0.500 0.574 -0.268 -0.324   9.8616 8.5324 6.1831
 57  90  0.780 0.555 0.577 -0.268 -0.301   8.9806 7.4311 4.6568
 58  90  0.777 0.662 0.718 -0.274 -0.284   9.8756 8.5237 7.0626
 59  90  0.787 0.636 0.694 -0.286 -0.287   10.7722 9.8967 8.6790
 60  90  0.792 0.521 0.426 -0.262 -0.351   10.8974 9.0154 6.1010
 61  90  0.866 0.742 0.601 -0.364 -0.369   11.8389 10.4820 8.5932
 62  90  0.794 0.615 0.580 -0.285 -0.309   11.6197 10.3047 8.6233
 63  90  0.776 0.554 0.476 -0.253 -0.319   13.1454 11.8123 9.7313
 64  90  0.801 0.606 0.668 -0.303 -0.298   10.3079 9.4145 8.3508
 65  90  0.800 0.567 0.561 -0.281 -0.337   12.8311 10.9958 8.1424
 66  90  0.808 0.584 0.418 -0.287 -0.345   12.6843 11.4893 10.2726
 67  90  0.789 0.584 0.531 -0.281 -0.301   13.9463 12.5590 10.6114
 68  90  0.783 0.619 0.730 -0.294 -0.261   9.0709 7.5966 5.5013
 69  90  0.808 0.535 0.641 -0.298 -0.324   11.2614 9.8664 8.2305
 70  90  0.771 0.528 0.453 -0.248 -0.314   14.0952 12.4576 8.9570
 71  90  0.791 0.580 0.447 -0.268 -0.333   10.7498 9.3050 7.4117
 72  90  0.785 0.653 0.728 -0.284 -0.285   10.1106 9.2152 7.3278
 73  90  0.850 0.699 0.557 -0.338 -0.369   14.0016 11.5693 9.1254
 74  90  0.817 0.672 0.679 -0.311 -0.328   9.8420 8.4072 6.2360
 75  90  0.786 0.472 0.373 -0.250 -0.355   10.0050 8.5134 5.9983
 76  90  0.769 0.439 0.503 -0.252 -0.301   9.9159 8.7301 6.7971
 77  90  0.782 0.494 0.490 -0.264 -0.316   10.3296 8.7024 6.4502
 78  90  0.816 0.520 0.564 -0.304 -0.333   12.9934 11.3870 8.3651
 79  90  0.814 0.723 0.664 -0.304 -0.332   12.6739 10.9148 9.1292
 80  90  0.828 0.524 0.410 -0.297 -0.386   10.2645 8.8210 6.5885
 81  90  0.832 0.530 0.465 -0.299 -0.397   10.8235 9.5383 7.6429
 82  90  0.770 0.475 0.459 -0.255 -0.294   11.6238 11.1087 9.7842
 83  90  0.738 0.607 0.728 -0.237 -0.240   12.1770 10.0456 8.0543
 84  90  0.730 0.494 0.650 -0.226 -0.238   11.2205 9.5950 6.8383
 85  90  0.760 0.580 0.648 -0.253 -0.273   9.9423 8.9088 7.1569
 86  90  0.778 0.545 0.493 -0.263 -0.305   8.9633 7.0093 4.7721
 87  90  0.746 0.583 0.646 -0.243 -0.251   11.5052 10.0516 7.3510
 88  90  0.808 0.471 0.438 -0.283 -0.352   9.8550 8.8399 7.0399
 89  90  0.818 0.472 0.359 -0.282 -0.384   10.6811 9.3001 6.7383
 90  90  0.798 0.616 0.671 -0.290 -0.313   10.8674 10.3112 8.7408
 91  90  0.840 0.571 0.637 -0.336 -0.342   13.0690 12.1708 10.6935
 92  90  0.817 0.535 0.517 -0.306 -0.332   11.7171 10.3918 8.1990
 93  90  0.786 0.542 0.613 -0.277 -0.301   11.9567 11.3272 10.0123
 94  90  0.803 0.515 0.520 -0.289 -0.329   9.7599 8.4893 6.6171
 95  90  0.741 0.451 0.507 -0.228 -0.264   9.7949 8.0301 5.7335
 96  90  0.763 0.491 0.656 -0.259 -0.271   11.4719 9.9661 7.6113
 97  90  0.766 0.684 0.656 -0.261 -0.274   10.6704 9.1903 7.3121
 98  90  0.776 0.587 0.616 -0.267 -0.293   13.1796 11.7765 9.9444
 99  90  0.751 0.503 0.325 -0.222 -0.300   11.9125 10.0839 7.9506
100  90  0.761 0.618 0.775 -0.269 -0.247   13.7098 13.0098 11.5972
---------------------------------------------------------------
AVG  90  0.791 0.558 0.544 -0.278 -0.314   11.3398 9.9113 7.7655
MIN  90  0.726 0.386 0.325 -0.364 -0.417   8.8642 7.0093 4.5301
MAX  90  0.866 0.742 0.775 -0.219 -0.238   14.2877 13.0684 11.5972

