  # Samp Profile                         DE76    De94   DL
---------------------------------------------------------------
  1   1  0.000 0.000 0.000 1.000 0.000   13.7245 12.3489 10.3992
  2   1  0.000 0.000 1.000 0.000 0.000   12.3176 10.8539 8.7072
  3   1  1.000 0.000 0.000 0.000 0.000   11.2933 9.8527 7.6315
  4   1  0.000 1.000 0.000 0.000 0.000   12.8063 11.3077 9.1695
  5   1  0.000 1.000 0.000 0.000 0.000   12.8002 11.3064 9.1802
  6   1  0.000 1.000 0.000 0.000 0.000   12.7942 11.3009 9.1600
  7   1  0.000 0.000 0.000 1.000 0.000   13.7257 12.3127 10.3611
  8   1  1.000 0.000 0.000 0.000 0.000   11.2343 9.8454 7.6534
  9   1  0.000 1.000 0.000 0.000 0.000   12.7761 11.3044 9.1708
 10   1  0.000 0.000 0.000 1.000 0.000   13.8133 12.3601 10.3878
 11   1  0.000 0.000 0.000 1.000 0.000   13.7690 12.3164 10.3274
 12   1  1.000 0.000 0.000 0.000 0.000   11.2293 9.7876 7.5564
 13   1  0.000 1.000 0.000 0.000 0.000   12.6737 11.1826 9.0482
 14   1  1.000 0.000 0.000 0.000 0.000   11.1579 9.7164 7.4905
 15   1  0.000 0.000 0.000 1.000 0.000   13.8243 12.3831 10.4049
 16   1  0.000 0.000 1.000 0.000 0.000   12.2696 10.8114 8.6881
 17   1  1.000 0.000 0.000 0.000 0.000   11.2729 9.8440 7.6461
 18   1  1.000 0.000 0.000 0.000 0.000   11.2416 9.8107 7.5881
 19   1  0.000 1.000 0.000 0.000 0.000   12.7964 11.2955 9.1550
 20   1  1.000 0.000 0.000 0.000 0.000   11.2703 9.8307 7.6163
 21   1  0.000 0.000 1.000 0.000 0.000   12.3553 10.8930 8.7615
 22   1  0.000 0.000 0.000 1.000 0.000   13.5527 12.1058 10.1296
 23   1  1.000 0.000 0.000 0.000 0.000   11.2696 9.8275 7.5971
 24   1  1.000 0.000 0.000 0.000 0.000   11.2092 9.7820 7.5525
 25   1  1.000 0.000 0.000 0.000 0.000   11.2933 9.8527 7.6315
 26   1  1.000 0.000 0.000 0.000 0.000   11.3021 9.8632 7.6481
 27   1  1.000 0.000 0.000 0.000 0.000   11.2492 9.8189 7.6023
 28   1  0.000 1.000 0.000 0.000 0.000   12.5744 11.0789 8.9452
 29   1  1.000 0.000 0.000 0.000 0.000   11.2830 9.8720 7.6691
 30   1  0.000 0.000 0.000 0.000 1.000   15.5713 14.1607 12.3218
 31   1  0.000 0.000 0.000 1.000 0.000   13.7533 12.3315 10.3644
 32   1  1.000 0.000 0.000 0.000 0.000   11.2830 9.8720 7.6691
 33   1  1.000 0.000 0.000 0.000 0.000   11.2373 9.8044 7.5858
 34   1  1.000 0.000 0.000 0.000 0.000   11.2693 9.8298 7.6158
 35   1  1.000 0.000 0.000 0.000 0.000   11.1840 9.7539 7.5551
 36   1  0.000 0.000 0.000 1.000 0.000   13.6931 12.2549 10.2850
 37   1  0.000 1.000 0.000 0.000 0.000   12.6869 11.1848 9.0391
 38   1  1.000 0.000 0.000 0.000 0.000   11.3034 9.8734 7.6729
 39   1  1.000 0.000 0.000 0.000 0.000   11.1816 9.7444 7.5209
 40   1  0.000 0.000 1.000 0.000 0.000   12.3929 10.9482 8.8157
 41   1  1.000 0.000 0.000 0.000 0.000   11.2696 9.8275 7.5971
 42   1  0.000 0.000 1.000 0.000 0.000   12.3597 10.8993 8.7668
 43   1  0.000 0.000 1.000 0.000 0.000   12.3892 10.9523 8.8259
 44   1  1.000 0.000 0.000 0.000 0.000   11.2693 9.8298 7.6158
 45   1  0.000 0.000 1.000 0.000 0.000   12.2745 10.8166 8.6740
 46   1  1.000 0.000 0.000 0.000 0.000   11.1417 9.7440 7.5641
 47   1  0.000 0.000 1.000 0.000 0.000   12.4133 10.9473 8.8011
 48   1  0.000 1.000 0.000 0.000 0.000   12.7803 11.2787 9.1392
 49   1  0.000 1.000 0.000 0.000 0.000   12.7952 11.3114 9.1958
 50   1  0.000 0.000 1.000 0.000 0.000   12.4282 10.9818 8.8480
 51   1  1.000 0.000 0.000 0.000 0.000   11.1840 9.7539 7.5551
 52   1  0.000 0.000 1.000 0.000 0.000   12.3891 10.9191 8.7719
 53   1  0.000 0.000 1.000 0.000 0.000   12.4152 10.9559 8.8311
 54   1  0.000 1.000 0.000 0.000 0.000   12.8177 11.3143 9.1689
 55   1  0.000 0.000 0.000 1.000 0.000   13.7176 12.2742 10.2924
 56   1  0.000 1.000 0.000 0.000 0.000   12.7429 11.2402 9.1005
 57   1  1.000 0.000 0.000 0.000 0.000   11.2067 9.7946 7.6138
 58   1  0.000 0.000 1.000 0.000 0.000   12.4365 10.9763 8.8335
 59   1  0.000 0.000 0.000 1.000 0.000   13.6769 12.2655 10.2933
 60   1  1.000 0.000 0.000 0.000 0.000   11.3170 9.8782 7.6529
 61   1  0.000 0.000 1.000 0.000 0.000   12.4161 10.9489 8.8021
 62   1  0.000 1.000 0.000 0.000 0.000   12.6665 11.1702 9.0374
 63   1  0.000 0.000 1.000 0.000 0.000   12.2423 10.7777 8.6280
 64   1  1.000 0.000 0.000 0.000 0.000   11.2585 9.8311 7.6195
 65   1  0.000 0.000 1.000 0.000 0.000   12.4069 10.9406 8.7958
 66   1  1.000 0.000 0.000 0.000 0.000   11.1579 9.7164 7.4905
 67   1  1.000 0.000 0.000 0.000 0.000   11.1442 9.7361 7.5966
 68   1  0.000 0.000 0.000 1.000 0.000   13.8103 12.3719 10.3918
 69   1  0.000 0.000 1.000 0.000 0.000   12.3357 10.8661 8.7205
 70   1  0.000 0.000 1.000 0.000 0.000   12.3144 10.8544 8.7108
 71   1  0.000 0.000 1.000 0.000 0.000   12.4152 10.9559 8.8311
 72   1  0.000 0.000 0.000 0.000 1.000   15.6239 14.2465 12.4337
 73   1  0.000 0.000 0.000 1.000 0.000   13.7010 12.2716 10.2992
 74   1  0.000 1.000 0.000 0.000 0.000   12.7893 11.2955 9.1743
 75   1  0.000 0.000 1.000 0.000 0.000   12.3357 10.8661 8.7205
 76   1  0.000 0.000 0.000 1.000 0.000   13.8429 12.3914 10.4011
 77   1  1.000 0.000 0.000 0.000 0.000   11.2591 9.8367 7.6308
 78   1  0.000 0.000 0.000 1.000 0.000   13.7293 12.2872 10.3132
 79   1  0.000 0.000 1.000 0.000 0.000   12.4051 10.9368 8.7968
 80   1  0.000 0.000 0.000 0.000 1.000   15.5300 14.1270 12.2932
 81   1  0.000 0.000 0.000 0.000 1.000   15.6097 14.1981 12.3591
 82   1  0.000 0.000 1.000 0.000 0.000   12.3467 10.8959 8.7663
 83   1  0.000 1.000 0.000 0.000 0.000   12.7331 11.2349 9.1001
 84   1  0.000 0.000 0.000 1.000 0.000   13.6586 12.2285 10.3359
 85   1  0.000 0.000 1.000 0.000 0.000   12.3443 10.8830 8.7475
 86   1  1.000 0.000 0.000 0.000 0.000   11.2173 9.7869 7.5623
 87   1  0.000 1.000 0.000 0.000 0.000   12.7350 11.2340 9.0908
 88   1  0.000 0.000 0.000 0.000 1.000   15.5707 14.1583 12.3272
 89   1  1.000 0.000 0.000 0.000 0.000   11.1522 9.7167 7.4884
 90   1  0.000 1.000 0.000 0.000 0.000   12.7729 11.2756 9.1454
 91   1  0.000 0.000 1.000 0.000 0.000   12.3892 10.9523 8.8259
 92   1  1.000 0.000 0.000 0.000 0.000   11.2866 9.8748 7.6631
 93   1  0.000 0.000 0.000 1.000 0.000   13.8243 12.3831 10.4049
 94   1  1.000 0.000 0.000 0.000 0.000   11.1787 9.7424 7.5234
 95   1  0.000 0.000 0.000 1.000 0.000   13.6301 12.1810 10.2021
 96   1  0.000 0.000 0.000 1.000 0.000   13.7997 12.3463 10.3558
 97   1  0.000 0.000 0.000 0.000 1.000   15.4211 14.0127 12.1853
 98   1  0.000 0.000 1.000 0.000 0.000   12.3886 10.9220 8.7745
 99   1  1.000 0.000 0.000 0.000 0.000   11.2306 9.7937 7.5980
100   1  0.000 1.000 0.000 0.000 0.000   12.7429 11.2426 9.1119
---------------------------------------------------------------
AVG   1  0.340 0.180 0.240 0.180 0.060   12.4888 11.0408 8.9272
MIN   1  0.000 0.000 0.000 0.000 0.000   11.1417 9.7164 7.4884
MAX   1  1.000 1.000 1.000 1.000 1.000   15.6239 14.2465 12.4337

  # Samp Profile                         DE76    De94   DL
---------------------------------------------------------------
  1   3  0.333 0.000 0.000 0.667 0.000   12.5305 11.0589 8.9727
  2   3  0.667 0.333 0.000 0.000 0.000   11.5956 10.1663 8.0075
  3   3  0.333 0.000 0.333 0.333 0.000   12.1817 10.7438 8.6194
  4   3  0.333 0.000 0.000 0.000 0.667   13.2982 11.8600 9.8518
  5   3  0.333 0.333 0.000 0.000 0.333   12.7353 11.2508 9.1493
  6   3  0.667 0.000 0.000 0.333 0.000   11.7630 10.3054 8.1662
  7   3  0.667 0.000 0.000 0.333 0.000   11.7167 10.2873 8.1295
  8   3  0.333 0.000 0.667 0.000 0.000   11.8826 10.4155 8.2192
  9   3  0.000 0.333 0.333 0.333 0.000   12.8319 11.3713 9.3006
 10   3  0.333 0.333 0.000 0.333 0.000   12.3829 10.9371 8.8224
 11   3  0.667 0.333 0.000 0.000 0.000   11.5408 10.0879 7.9201
 12   3  0.000 0.333 0.000 0.667 0.000   13.2548 11.8836 9.9464
 13   3  0.333 0.333 0.000 0.000 0.333   12.7242 11.2502 9.1685
 14   3  0.000 0.333 0.333 0.333 0.000   12.7844 11.3869 9.3981
 15   3  0.333 0.000 0.000 0.333 0.333   13.0944 11.6333 9.5676
 16   3  0.667 0.000 0.000 0.333 0.000   11.7713 10.3216 8.1383
 17   3  0.000 0.000 0.333 0.333 0.333   13.7184 12.2566 10.2836
 18   3  0.333 0.333 0.333 0.000 0.000   12.0126 10.5395 8.3807
 19   3  0.000 0.000 0.000 0.667 0.333   14.3104 12.8871 10.9548
 20   3  0.333 0.333 0.000 0.333 0.000   12.2960 10.8172 8.6964
 21   3  0.000 0.333 0.667 0.000 0.000   12.4554 10.9946 8.8821
 22   3  0.667 0.000 0.000 0.000 0.333   12.1327 10.6585 8.4976
 23   3  1.000 0.000 0.000 0.000 0.000   11.3188 9.8991 7.6949
 24   3  0.333 0.000 0.333 0.333 0.000   12.2428 10.8228 8.7278
 25   3  0.333 0.333 0.000 0.333 0.000   12.3739 10.8950 8.8039
 26   3  0.333 0.000 0.333 0.333 0.000   12.1094 10.6648 8.5611
 27   3  0.333 0.000 0.000 0.667 0.000   12.6896 11.2400 9.1712
 28   3  0.333 0.000 0.333 0.000 0.333   12.6360 11.1591 9.0502
 29   3  0.000 0.333 0.333 0.333 0.000   12.8315 11.4222 9.3904
 30   3  0.333 0.000 0.000 0.667 0.000   12.6381 11.1682 9.0823
 31   3  0.000 0.000 0.000 0.667 0.333   14.1510 12.7300 10.8029
 32   3  0.000 0.333 0.000 0.333 0.333   13.8204 12.3892 10.4248
 33   3  0.667 0.000 0.333 0.000 0.000   11.3196 9.9419 7.8351
 34   3  0.333 0.000 0.333 0.333 0.000   12.2375 10.7569 8.6115
 35   3  0.333 0.667 0.000 0.000 0.000   12.0598 10.5617 8.4251
 36   3  0.000 0.667 0.000 0.000 0.333   13.4488 12.0422 10.0201
 37   3  0.333 0.333 0.000 0.000 0.333   12.6512 11.1898 9.1579
 38   3  0.667 0.000 0.000 0.000 0.333   11.9124 10.4853 8.3453
 39   3  0.333 0.333 0.000 0.000 0.333   12.4932 11.0201 8.9508
 40   3  0.000 0.333 0.000 0.667 0.000   13.3807 11.9448 9.9082
 41   3  0.667 0.000 0.000 0.000 0.333   12.0989 10.6606 8.5228
 42   3  1.000 0.000 0.000 0.000 0.000   11.3494 9.9333 7.7426
 43   3  0.667 0.000 0.333 0.000 0.000   11.4170 9.9899 7.8231
 44   3  1.000 0.000 0.000 0.000 0.000   11.1748 9.7305 7.5125
 45   3  0.667 0.333 0.000 0.000 0.000   11.5662 10.1067 7.9520
 46   3  0.667 0.000 0.000 0.000 0.333   11.9082 10.4398 8.2923
 47   3  0.000 0.333 0.000 0.333 0.333   13.8647 12.3871 10.3736
 48   3  0.000 0.000 0.333 0.333 0.333   13.7301 12.2935 10.3177
 49   3  1.000 0.000 0.000 0.000 0.000   11.1484 9.7551 7.6382
 50   3  0.000 0.333 0.333 0.333 0.000   12.9877 11.5059 9.4188
 51   3  0.333 0.000 0.333 0.333 0.000   12.3356 10.8708 8.7423
 52   3  0.667 0.000 0.333 0.000 0.000   11.6211 10.1919 8.0020
 53   3  0.000 0.667 0.000 0.333 0.000   12.9374 11.4611 9.3763
 54   3  0.667 0.000 0.000 0.333 0.000   11.7452 10.2925 8.1313
 55   3  0.333 0.000 0.333 0.000 0.333   12.6567 11.1919 9.0816
 56   3  0.667 0.000 0.000 0.333 0.000   11.7039 10.3218 8.2018
 57   3  0.000 1.000 0.000 0.000 0.000   12.7713 11.2650 9.1404
 58   3  0.667 0.000 0.000 0.333 0.000   11.6016 10.1782 8.0516
 59   3  0.333 0.000 0.000 0.667 0.000   12.5359 11.0828 8.9864
 60   3  0.333 0.000 0.333 0.333 0.000   12.2096 10.7437 8.6135
 61   3  1.000 0.000 0.000 0.000 0.000   11.3085 9.8761 7.6419
 62   3  0.333 0.333 0.333 0.000 0.000   11.8333 10.3942 8.3873
 63   3  0.333 0.333 0.333 0.000 0.000   11.7968 10.3582 8.2874
 64   3  0.667 0.000 0.000 0.333 0.000   11.6799 10.2181 8.0698
 65   3  0.667 0.333 0.000 0.000 0.000   11.6526 10.1841 8.0252
 66   3  0.667 0.000 0.000 0.333 0.000   11.7321 10.2835 8.1171
 67   3  0.333 0.667 0.000 0.000 0.000   12.1631 10.6812 8.5465
 68   3  0.000 0.333 0.333 0.333 0.000   12.9060 11.4923 9.4656
 69   3  0.333 0.333 0.000 0.333 0.000   12.1183 10.6759 8.5971
 70   3  0.333 0.000 0.333 0.000 0.333   12.6536 11.1917 9.1019
 71   3  0.000 0.667 0.333 0.000 0.000   12.5284 11.1109 9.0504
 72   3  0.333 0.000 0.000 0.333 0.333   13.0722 11.5962 9.5485
 73   3  0.333 0.000 0.667 0.000 0.000   11.9446 10.4816 8.2856
 74   3  0.333 0.000 0.000 0.667 0.000   12.5649 11.0838 8.9871
 75   3  0.667 0.333 0.000 0.000 0.000   11.5799 10.1058 7.9322
 76   3  0.333 0.333 0.000 0.333 0.000   12.2779 10.8136 8.6884
 77   3  0.000 0.333 0.667 0.000 0.000   12.4550 11.0335 8.9905
 78   3  0.667 0.333 0.000 0.000 0.000   11.5570 10.0914 7.9130
 79   3  0.333 0.000 0.333 0.333 0.000   12.1634 10.6894 8.5598
 80   3  0.000 0.000 0.333 0.333 0.333   13.6178 12.1972 10.2919
 81   3  0.333 0.000 0.000 0.333 0.333   12.8720 11.4708 9.5145
 82   3  0.333 0.667 0.000 0.000 0.000   12.1089 10.6242 8.5093
 83   3  0.333 0.333 0.000 0.000 0.333   12.5960 11.1192 9.0483
 84   3  0.000 0.333 0.000 0.000 0.667   14.2981 12.8817 10.9562
 85   3  0.000 0.333 0.333 0.333 0.000   12.8607 11.4126 9.3581
 86   3  0.667 0.000 0.000 0.000 0.333   12.0775 10.6241 8.4918
 87   3  0.000 0.667 0.000 0.333 0.000   13.1056 11.6213 9.5149
 88   3  0.333 0.000 0.333 0.333 0.000   12.1923 10.7570 8.6638
 89   3  0.333 0.333 0.333 0.000 0.000   11.9546 10.4978 8.3611
 90   3  0.000 0.667 0.333 0.000 0.000   12.4647 11.0322 8.9580
 91   3  0.333 0.667 0.000 0.000 0.000   11.8509 10.3707 8.2300
 92   3  0.333 0.000 0.000 0.667 0.000   12.4941 11.0275 8.9451
 93   3  0.333 0.333 0.000 0.333 0.000   12.2712 10.7935 8.6946
 94   3  0.333 0.333 0.000 0.333 0.000   12.2485 10.7951 8.6894
 95   3  0.667 0.000 0.000 0.333 0.000   11.5898 10.1565 8.0201
 96   3  0.000 0.667 0.000 0.333 0.000   12.8735 11.4458 9.3729
 97   3  0.667 0.000 0.333 0.000 0.000   11.3359 9.9167 7.7857
 98   3  0.667 0.000 0.000 0.333 0.000   11.8011 10.3690 8.2458
 99   3  0.333 0.000 0.333 0.333 0.000   12.1999 10.7448 8.6255
100   3  0.000 0.667 0.000 0.000 0.333   13.3695 11.8853 9.8209
---------------------------------------------------------------
AVG   3  0.363 0.200 0.130 0.210 0.097   12.3686 10.9195 8.8225
MIN   3  0.000 0.000 0.000 0.000 0.000   11.1484 9.7305 7.5125
MAX   3  1.000 1.000 0.667 0.667 0.667   14.3104 12.8871 10.9562

  # Samp Profile                         DE76    De94   DL
---------------------------------------------------------------
  1  10  0.500 0.100 0.000 0.300 0.100   12.1271 10.6928 8.6037
  2  10  0.100 0.000 0.300 0.400 0.200   13.3960 11.9618 9.8912
  3  10  0.000 0.300 0.300 0.400 0.000   12.8604 11.4183 9.3489
  4  10  0.600 0.300 0.100 0.000 0.000   11.2655 9.8046 7.7340
  5  10  0.100 0.500 0.000 0.200 0.200   13.2409 11.7111 9.5783
  6  10  0.400 0.300 0.100 0.200 0.000   11.8160 10.3841 8.2851
  7  10  0.400 0.500 0.000 0.000 0.100   12.1231 10.6540 8.5053
  8  10  0.200 0.300 0.200 0.100 0.200   12.7152 11.2575 9.1487
  9  10  0.200 0.600 0.100 0.000 0.100   12.6646 11.1118 8.9524
 10  10  0.300 0.300 0.100 0.000 0.300   12.5000 11.0179 8.9611
 11  10  0.600 0.000 0.100 0.200 0.100   11.8589 10.3466 8.1520
 12  10  0.300 0.200 0.200 0.300 0.000   12.2717 10.8624 8.7898
 13  10  0.600 0.100 0.300 0.000 0.000   11.5571 10.0619 7.8042
 14  10  0.300 0.000 0.100 0.400 0.200   12.7064 11.2148 9.1664
 15  10  0.200 0.400 0.400 0.000 0.000   12.4123 10.9074 8.7829
 16  10  0.500 0.000 0.300 0.200 0.000   11.8066 10.3216 8.2251
 17  10  0.300 0.100 0.200 0.400 0.000   12.4915 11.0747 9.0173
 18  10  0.100 0.300 0.200 0.400 0.000   12.7478 11.3703 9.3463
 19  10  0.600 0.100 0.100 0.200 0.000   11.8696 10.3500 8.1512
 20  10  0.200 0.300 0.300 0.100 0.100   12.5135 11.0065 8.8930
 21  10  0.100 0.200 0.300 0.300 0.100   12.8454 11.3798 9.2723
 22  10  0.200 0.400 0.200 0.200 0.000   12.0428 10.5773 8.4650
 23  10  0.400 0.200 0.200 0.200 0.000   11.7594 10.4070 8.3235
 24  10  0.100 0.200 0.100 0.200 0.400   13.5621 12.1432 10.2757
 25  10  0.200 0.200 0.300 0.300 0.000   12.4552 10.9758 8.9399
 26  10  0.400 0.100 0.200 0.200 0.100   12.3029 10.8141 8.7252
 27  10  0.500 0.300 0.200 0.000 0.000   11.8957 10.4405 8.2648
 28  10  0.300 0.300 0.200 0.200 0.000   11.9958 10.5254 8.4326
 29  10  0.500 0.100 0.300 0.100 0.000   12.0091 10.4981 8.2696
 30  10  0.300 0.200 0.300 0.100 0.100   12.5629 11.1508 9.1353
 31  10  0.400 0.000 0.300 0.300 0.000   11.7845 10.3229 8.2214
 32  10  0.500 0.000 0.100 0.300 0.100   12.0046 10.5633 8.4374
 33  10  0.300 0.100 0.200 0.200 0.200   12.2234 10.8099 8.7670
 34  10  0.000 0.500 0.100 0.200 0.200   13.4431 11.9388 9.8728
 35  10  0.600 0.100 0.300 0.000 0.000   11.3635 9.9267 7.7404
 36  10  0.300 0.300 0.300 0.100 0.000   12.3220 10.9192 8.7823
 37  10  0.000 0.400 0.200 0.200 0.200   13.3129 11.8224 9.8409
 38  10  0.400 0.200 0.100 0.300 0.000   12.3183 10.9142 8.7920
 39  10  0.400 0.100 0.300 0.100 0.100   12.1079 10.6878 8.5715
 40  10  0.300 0.100 0.400 0.200 0.000   12.0810 10.6319 8.5929
 41  10  0.300 0.100 0.200 0.200 0.200   12.8502 11.4195 9.3238
 42  10  0.400 0.000 0.100 0.400 0.100   12.4225 10.9453 8.8338
 43  10  0.300 0.300 0.200 0.200 0.000   12.0735 10.5965 8.4410
 44  10  0.300 0.400 0.100 0.100 0.100   12.3171 10.9097 8.8456
 45  10  0.100 0.600 0.100 0.200 0.000   12.3505 10.9465 8.9240
 46  10  0.500 0.000 0.300 0.100 0.100   11.9042 10.4946 8.4445
 47  10  0.400 0.200 0.100 0.200 0.100   12.0538 10.6087 8.4796
 48  10  0.500 0.100 0.200 0.200 0.000   11.4408 9.9687 7.7965
 49  10  0.300 0.300 0.300 0.100 0.000   12.0143 10.5674 8.4278
 50  10  0.100 0.200 0.300 0.400 0.000   12.8181 11.3789 9.3298
 51  10  0.100 0.400 0.200 0.100 0.200   13.2687 11.7759 9.7090
 52  10  0.200 0.200 0.100 0.500 0.000   12.9227 11.4439 9.3892
 53  10  0.200 0.500 0.100 0.000 0.200   12.8869 11.3974 9.2879
 54  10  0.400 0.400 0.000 0.100 0.100   12.2024 10.6913 8.5200
 55  10  0.400 0.100 0.300 0.200 0.000   12.2452 10.7767 8.6353
 56  10  0.500 0.000 0.300 0.100 0.100   11.9819 10.5312 8.3521
 57  10  0.400 0.200 0.200 0.100 0.100   11.9697 10.5504 8.4359
 58  10  0.300 0.100 0.200 0.300 0.100   12.4553 10.9868 8.8897
 59  10  0.500 0.100 0.000 0.300 0.100   12.1330 10.6905 8.7185
 60  10  0.100 0.400 0.300 0.200 0.000   12.3912 10.8637 8.6790
 61  10  0.500 0.000 0.100 0.200 0.200   11.8894 10.5616 8.6931
 62  10  0.500 0.000 0.300 0.200 0.000   11.8254 10.3776 8.2694
 63  10  0.300 0.300 0.300 0.000 0.100   12.3468 10.8585 8.7245
 64  10  0.400 0.100 0.200 0.300 0.000   12.1060 10.7142 8.6877
 65  10  0.400 0.100 0.200 0.300 0.000   11.9712 10.4692 8.2962
 66  10  0.400 0.200 0.200 0.200 0.000   11.8157 10.3228 8.1822
 67  10  0.200 0.200 0.200 0.400 0.000   12.6661 11.1707 9.0827
 68  10  0.500 0.200 0.100 0.100 0.100   11.9632 10.5267 8.4433
 69  10  0.400 0.000 0.400 0.200 0.000   11.9638 10.4701 8.2428
 70  10  0.200 0.300 0.400 0.100 0.000   12.1102 10.6732 8.5265
 71  10  0.400 0.200 0.100 0.300 0.000   12.0110 10.5050 8.3673
 72  10  0.400 0.200 0.100 0.200 0.100   12.2082 10.7130 8.6051
 73  10  0.200 0.200 0.100 0.400 0.100   12.5058 11.0800 9.0442
 74  10  0.500 0.200 0.000 0.300 0.000   11.9147 10.5225 8.4832
 75  10  0.500 0.300 0.100 0.100 0.000   11.6212 10.1959 8.1523
 76  10  0.300 0.100 0.100 0.300 0.200   12.8752 11.4125 9.3558
 77  10  0.600 0.200 0.200 0.000 0.000   11.9128 10.5135 8.3541
 78  10  0.300 0.100 0.100 0.300 0.200   12.8350 11.3205 9.1896
 79  10  0.300 0.200 0.500 0.000 0.000   12.0415 10.5338 8.3451
 80  10  0.200 0.100 0.200 0.400 0.100   13.0078 11.5112 9.5039
 81  10  0.500 0.200 0.100 0.200 0.000   11.8849 10.4286 8.3081
 82  10  0.200 0.000 0.400 0.300 0.100   12.5628 11.0348 8.8384
 83  10  0.200 0.300 0.200 0.200 0.100   12.5223 11.0503 8.9703
 84  10  0.200 0.400 0.100 0.200 0.100   12.7510 11.2334 9.0554
 85  10  0.300 0.400 0.100 0.100 0.100   12.1015 10.6758 8.5550
 86  10  0.300 0.300 0.200 0.200 0.000   12.0628 10.6971 8.6522
 87  10  0.400 0.100 0.200 0.300 0.000   12.1884 10.7558 8.6656
 88  10  0.300 0.400 0.100 0.100 0.100   12.4225 11.0464 9.0053
 89  10  0.500 0.300 0.000 0.100 0.100   11.9845 10.5183 8.3571
 90  10  0.200 0.200 0.100 0.400 0.100   12.9059 11.4662 9.4088
 91  10  0.200 0.200 0.200 0.200 0.200   12.8501 11.4119 9.3616
 92  10  0.300 0.200 0.200 0.200 0.100   12.3193 10.8984 8.8815
 93  10  0.000 0.200 0.200 0.500 0.100   13.1570 11.6940 9.7080
 94  10  0.500 0.200 0.300 0.000 0.000   11.7376 10.3253 8.1674
 95  10  0.300 0.200 0.300 0.200 0.000   12.0763 10.6223 8.4688
 96  10  0.400 0.000 0.100 0.200 0.300   12.5514 11.0919 8.9963
 97  10  0.100 0.000 0.300 0.400 0.200   13.2494 11.8262 9.8605
 98  10  0.200 0.300 0.400 0.100 0.000   12.1022 10.6035 8.4778
 99  10  0.100 0.300 0.400 0.200 0.000   12.4446 10.9747 8.8625
100  10  0.500 0.100 0.200 0.200 0.000   12.0500 10.5684 8.3771
---------------------------------------------------------------
AVG  10  0.322 0.208 0.196 0.201 0.073   12.3155 10.8590 8.7605
MIN  10  0.000 0.000 0.000 0.000 0.000   11.2655 9.8046 7.7340
MAX  10  0.600 0.600 0.500 0.500 0.400   13.5621 12.1432 10.2757

  # Samp Profile                         DE76    De94   DL
---------------------------------------------------------------
  1  30  0.300 0.233 0.200 0.133 0.133   11.9158 10.4344 8.5466
  2  30  0.300 0.133 0.133 0.300 0.133   12.3505 11.0178 9.1328
  3  30  0.333 0.200 0.200 0.167 0.100   12.3767 10.9573 8.8703
  4  30  0.233 0.367 0.033 0.333 0.033   12.4413 11.0539 8.9903
  5  30  0.233 0.200 0.167 0.300 0.100   13.2048 11.7296 9.4993
  6  30  0.267 0.233 0.100 0.267 0.133   12.8248 11.3727 9.4289
  7  30  0.200 0.233 0.267 0.200 0.100   12.7819 11.3925 9.4401
  8  30  0.267 0.233 0.167 0.267 0.067   12.5726 11.0937 9.0195
  9  30  0.567 0.133 0.067 0.100 0.133   12.0993 10.5417 8.3573
 10  30  0.167 0.267 0.300 0.200 0.067   12.5599 11.1900 9.3069
 11  30  0.467 0.167 0.200 0.100 0.067   11.8813 10.2811 8.0125
 12  30  0.133 0.367 0.167 0.300 0.033   13.1096 11.5316 9.2137
 13  30  0.300 0.167 0.100 0.233 0.200   12.6461 11.2462 9.1892
 14  30  0.233 0.267 0.300 0.167 0.033   12.6813 11.1548 8.9972
 15  30  0.367 0.267 0.167 0.167 0.033   11.6462 10.2818 8.1101
 16  30  0.433 0.133 0.100 0.200 0.133   12.1098 10.5629 8.4602
 17  30  0.333 0.267 0.267 0.100 0.033   12.7074 11.0635 8.8505
 18  30  0.367 0.100 0.267 0.133 0.133   11.7460 10.3689 8.4147
 19  30  0.333 0.200 0.267 0.200 0.000   11.5899 10.2958 8.3387
 20  30  0.333 0.067 0.300 0.233 0.067   12.2585 10.8521 8.6848
 21  30  0.300 0.233 0.267 0.133 0.067   12.2014 10.8547 8.6969
 22  30  0.267 0.200 0.267 0.233 0.033   11.9283 10.5525 8.5712
 23  30  0.300 0.133 0.200 0.233 0.133   12.5026 10.9592 8.9377
 24  30  0.333 0.133 0.233 0.267 0.033   12.6959 11.0911 8.8682
 25  30  0.300 0.233 0.100 0.233 0.133   12.6766 11.1324 8.8917
 26  30  0.367 0.267 0.167 0.200 0.000   12.1448 10.6288 8.4948
 27  30  0.433 0.167 0.167 0.200 0.033   12.2268 10.6740 8.4485
 28  30  0.400 0.067 0.233 0.233 0.067   12.1372 10.7125 8.8001
 29  30  0.400 0.100 0.167 0.233 0.100   12.3112 10.8994 8.7701
 30  30  0.400 0.200 0.100 0.133 0.167   12.0438 10.5704 8.4041
 31  30  0.367 0.300 0.100 0.167 0.067   12.2336 10.7522 8.7491
 32  30  0.333 0.200 0.300 0.033 0.133   12.6554 11.3000 9.2558
 33  30  0.067 0.400 0.167 0.233 0.133   13.0076 11.5420 9.5401
 34  30  0.400 0.100 0.133 0.267 0.100   11.7020 10.2414 8.1442
 35  30  0.367 0.300 0.133 0.133 0.067   12.3120 11.0721 9.1883
 36  30  0.433 0.167 0.233 0.067 0.100   11.3469 9.8798 7.6310
 37  30  0.267 0.200 0.100 0.333 0.100   12.7105 11.1103 8.8999
 38  30  0.200 0.267 0.133 0.367 0.033   12.6200 11.0694 8.9914
 39  30  0.333 0.267 0.167 0.133 0.100   12.4415 11.0075 8.9954
 40  30  0.433 0.233 0.133 0.167 0.033   11.7822 10.2947 8.0886
 41  30  0.233 0.267 0.100 0.400 0.000   12.4804 11.0363 8.9937
 42  30  0.267 0.333 0.067 0.267 0.067   12.8648 11.3651 9.2815
 43  30  0.267 0.167 0.100 0.300 0.167   12.0169 10.6596 8.6176
 44  30  0.400 0.133 0.233 0.167 0.067   11.8390 10.4406 8.3851
 45  30  0.333 0.100 0.167 0.367 0.033   12.6569 11.1190 8.9668
 46  30  0.400 0.200 0.200 0.133 0.067   12.2370 10.8528 8.7114
 47  30  0.300 0.267 0.067 0.300 0.067   11.6466 10.4265 8.5644
 48  30  0.333 0.200 0.167 0.233 0.067   12.2154 10.8508 8.8892
 49  30  0.367 0.167 0.300 0.133 0.033   12.0883 10.7655 8.6154
 50  30  0.400 0.200 0.067 0.300 0.033   11.8526 10.4588 8.2895
 51  30  0.367 0.200 0.200 0.200 0.033   11.9186 10.4106 8.1515
 52  30  0.233 0.167 0.367 0.167 0.067   12.0940 10.7153 8.5805
 53  30  0.367 0.233 0.167 0.200 0.033   12.1434 10.6585 8.5944
 54  30  0.333 0.233 0.133 0.200 0.100   12.2829 10.8659 8.8950
 55  30  0.267 0.200 0.267 0.233 0.033   11.7979 10.2617 8.2145
 56  30  0.233 0.267 0.233 0.233 0.033   12.4140 10.9356 8.8087
 57  30  0.233 0.267 0.233 0.200 0.067   12.5627 11.1166 8.9146
 58  30  0.233 0.367 0.067 0.233 0.100   12.8280 11.3899 9.4333
 59  30  0.433 0.233 0.100 0.133 0.100   12.1141 10.7165 8.6778
 60  30  0.300 0.167 0.167 0.233 0.133   12.8474 11.5202 9.5257
 61  30  0.267 0.167 0.167 0.400 0.000   11.8860 10.4711 8.5282
 62  30  0.333 0.233 0.167 0.167 0.100   12.7123 11.2448 9.1313
 63  30  0.267 0.233 0.167 0.167 0.167   12.9425 11.3714 9.1246
 64  30  0.300 0.300 0.167 0.200 0.033   12.3588 10.9310 8.9694
 65  30  0.267 0.233 0.133 0.300 0.067   11.9325 10.5292 8.5319
 66  30  0.233 0.200 0.133 0.333 0.100   13.2833 11.6310 9.3540
 67  30  0.333 0.067 0.133 0.333 0.133   13.0715 11.6003 9.4334
 68  30  0.333 0.233 0.200 0.200 0.033   12.3587 10.8148 8.7328
 69  30  0.267 0.100 0.267 0.200 0.167   12.5116 11.0739 8.9564
 70  30  0.300 0.267 0.200 0.167 0.067   11.7037 10.0850 7.8738
 71  30  0.300 0.267 0.133 0.200 0.100   11.6071 10.2235 8.2189
 72  30  0.400 0.233 0.100 0.133 0.133   12.3112 10.8197 8.7362
 73  30  0.300 0.267 0.067 0.267 0.100   12.6241 11.1747 9.1708
 74  30  0.300 0.267 0.200 0.200 0.033   12.0297 10.6063 8.5713
 75  30  0.300 0.200 0.200 0.267 0.033   12.2039 10.9419 8.9412
 76  30  0.233 0.167 0.133 0.267 0.200   13.2150 11.8253 9.7445
 77  30  0.133 0.200 0.200 0.267 0.200   12.5273 11.0697 9.0373
 78  30  0.333 0.233 0.233 0.167 0.033   12.3004 10.7166 8.4206
 79  30  0.300 0.200 0.267 0.200 0.033   12.3438 10.8328 8.6470
 80  30  0.267 0.100 0.333 0.267 0.033   12.8727 11.3453 9.0980
 81  30  0.267 0.233 0.133 0.200 0.167   12.2932 11.0015 9.0875
 82  30  0.267 0.167 0.100 0.333 0.133   12.5594 11.1013 9.0130
 83  30  0.300 0.233 0.133 0.267 0.067   12.6928 11.1803 9.1777
 84  30  0.433 0.100 0.133 0.267 0.067   12.3319 10.9286 8.7559
 85  30  0.200 0.367 0.200 0.200 0.033   12.0838 10.5944 8.4212
 86  30  0.233 0.300 0.167 0.200 0.100   13.2029 11.6504 9.4994
 87  30  0.267 0.167 0.167 0.333 0.067   13.0173 11.4957 9.3605
 88  30  0.400 0.200 0.333 0.033 0.033   12.0289 10.5491 8.4310
 89  30  0.400 0.100 0.200 0.200 0.100   12.3867 10.8839 8.6536
 90  30  0.333 0.333 0.167 0.067 0.100   12.2789 10.7314 8.5064
 91  30  0.167 0.200 0.233 0.333 0.067   12.8078 11.3863 9.2988
 92  30  0.367 0.133 0.067 0.333 0.100   12.4357 10.9738 9.0149
 93  30  0.233 0.267 0.233 0.167 0.100   12.5917 11.0099 8.8363
 94  30  0.200 0.233 0.267 0.200 0.100   12.1912 10.6754 8.4841
 95  30  0.433 0.100 0.133 0.233 0.100   12.5722 11.0966 8.9004
 96  30  0.333 0.167 0.300 0.133 0.067   11.9097 10.3922 8.2352
 97  30  0.467 0.100 0.133 0.200 0.100   11.9392 10.6235 8.6892
 98  30  0.267 0.133 0.267 0.167 0.167   12.9188 11.4195 9.3963
 99  30  0.267 0.233 0.200 0.167 0.133   12.7137 11.3114 9.2187
100  30  0.400 0.100 0.233 0.167 0.100   11.9977 10.6083 8.5937
---------------------------------------------------------------
AVG  30  0.312 0.208 0.181 0.216 0.083   12.3583 10.9025 8.8114
MIN  30  0.067 0.067 0.033 0.033 0.000   11.3469 9.8798 7.6310
MAX  30  0.567 0.400 0.367 0.400 0.200   13.2833 11.8253 9.7445

  # Samp Profile                         DE76    De94   DL
---------------------------------------------------------------
  1  90  0.300 0.167 0.189 0.233 0.111   11.6483 9.2405 6.6311
  2  90  0.267 0.178 0.178 0.267 0.111   12.5521 11.4754 9.4301
  3  90  0.322 0.222 0.200 0.167 0.089   12.4377 10.0180 7.9468
  4  90  0.344 0.178 0.178 0.222 0.078   10.0351 9.3491 7.7512
  5  90  0.378 0.167 0.133 0.222 0.100   15.1295 14.1403 11.9444
  6  90  0.289 0.167 0.233 0.233 0.078   10.9743 9.3735 7.0313
  7  90  0.333 0.256 0.122 0.144 0.144   13.6218 12.3166 9.9545
  8  90  0.322 0.178 0.211 0.222 0.067   11.8192 9.4422 7.1957
  9  90  0.322 0.167 0.167 0.200 0.144   9.8028 8.9145 7.4091
 10  90  0.367 0.189 0.144 0.222 0.078   12.3660 11.2091 9.7283
 11  90  0.344 0.289 0.133 0.200 0.033   12.5913 11.6675 9.8361
 12  90  0.356 0.133 0.178 0.233 0.100   11.1194 9.8099 7.7525
 13  90  0.344 0.200 0.156 0.211 0.089   13.9354 12.7491 11.0398
 14  90  0.311 0.278 0.189 0.156 0.067   11.8774 10.3261 8.0027
 15  90  0.211 0.122 0.267 0.233 0.167   11.9633 11.1741 9.9048
 16  90  0.389 0.144 0.156 0.211 0.100   16.2744 14.3932 10.9623
 17  90  0.333 0.144 0.144 0.233 0.144   11.6727 10.6420 8.5995
 18  90  0.311 0.189 0.167 0.278 0.056   13.9466 12.7269 11.2564
 19  90  0.289 0.200 0.244 0.156 0.111   10.4137 8.6317 6.7857
 20  90  0.344 0.189 0.244 0.178 0.044   15.5002 13.5763 9.9773
 21  90  0.344 0.144 0.100 0.256 0.156   10.0644 8.9977 7.0366
 22  90  0.278 0.211 0.189 0.233 0.089   11.4767 10.5055 8.6632
 23  90  0.367 0.144 0.189 0.211 0.089   11.3966 9.8419 8.0974
 24  90  0.244 0.222 0.156 0.267 0.111   14.1961 12.5303 10.8648
 25  90  0.400 0.133 0.178 0.189 0.100   11.0048 9.6746 7.6086
 26  90  0.378 0.211 0.167 0.189 0.056   13.1013 12.1473 9.6912
 27  90  0.311 0.267 0.133 0.144 0.144   9.6963 8.7442 7.0305
 28  90  0.333 0.256 0.144 0.167 0.100   14.0944 12.8521 11.1616
 29  90  0.222 0.189 0.256 0.256 0.078   10.0686 8.5877 6.6669
 30  90  0.256 0.200 0.167 0.267 0.111   14.4253 13.0856 11.3408
 31  90  0.233 0.267 0.211 0.167 0.122   16.1093 14.1051 11.2080
 32  90  0.278 0.211 0.211 0.178 0.122   11.3965 10.3340 8.8300
 33  90  0.333 0.189 0.156 0.233 0.089   12.9874 11.4104 9.8480
 34  90  0.356 0.178 0.156 0.211 0.100   10.4898 8.9751 7.4010
 35  90  0.233 0.222 0.178 0.267 0.100   10.9554 9.4964 7.5992
 36  90  0.344 0.244 0.156 0.178 0.078   11.5090 10.4863 8.2578
 37  90  0.300 0.200 0.144 0.222 0.133   10.8067 9.0226 6.3647
 38  90  0.356 0.167 0.133 0.178 0.167   13.8602 11.7678 8.4401
 39  90  0.311 0.233 0.189 0.211 0.056   11.6162 9.6475 7.3457
 40  90  0.267 0.189 0.233 0.200 0.111   15.2075 14.1360 12.2893
 41  90  0.322 0.189 0.167 0.244 0.078   13.0740 11.7189 10.0579
 42  90  0.200 0.167 0.211 0.311 0.111   14.4777 11.8691 8.8387
 43  90  0.400 0.122 0.144 0.222 0.111   12.4030 10.8770 8.5847
 44  90  0.333 0.178 0.189 0.222 0.078   12.4428 11.6241 10.4573
 45  90  0.378 0.178 0.133 0.211 0.100   9.4464 8.5132 6.8500
 46  90  0.322 0.267 0.144 0.211 0.056   12.2253 10.1513 7.2690
 47  90  0.311 0.211 0.167 0.211 0.100   11.1368 9.7519 7.2035
 48  90  0.278 0.267 0.189 0.200 0.067   11.6223 10.1892 7.7160
 49  90  0.289 0.256 0.167 0.167 0.122   12.9942 11.6489 9.4737
 50  90  0.311 0.211 0.156 0.244 0.078   11.2299 10.0505 8.1959
 51  90  0.300 0.233 0.122 0.211 0.133   15.7724 13.8941 11.1594
 52  90  0.278 0.244 0.189 0.256 0.033   10.4187 8.3137 5.8082
 53  90  0.389 0.156 0.156 0.189 0.111   12.3915 11.2613 9.5895
 54  90  0.356 0.244 0.133 0.178 0.089   14.0491 12.0320 9.1019
 55  90  0.311 0.256 0.167 0.189 0.078   13.2893 11.4592 8.7081
 56  90  0.356 0.133 0.178 0.167 0.167   10.7828 9.1177 7.4761
 57  90  0.322 0.222 0.156 0.233 0.067   11.1303 9.9076 7.9167
 58  90  0.356 0.200 0.122 0.222 0.100   11.9025 10.9974 9.6530
 59  90  0.289 0.267 0.156 0.244 0.044   11.4183 10.0539 7.4287
 60  90  0.356 0.167 0.211 0.133 0.133   14.7788 13.5625 11.3439
 61  90  0.278 0.233 0.189 0.211 0.089   12.4350 10.6039 8.1978
 62  90  0.256 0.200 0.156 0.256 0.133   11.7354 9.7149 6.7672
 63  90  0.278 0.211 0.178 0.222 0.111   11.5995 10.3771 8.0341
 64  90  0.311 0.267 0.133 0.189 0.100   10.4009 9.8968 8.7229
 65  90  0.311 0.222 0.133 0.256 0.078   12.6124 10.7795 8.8487
 66  90  0.322 0.178 0.178 0.222 0.100   12.3270 10.6153 7.7580
 67  90  0.411 0.256 0.156 0.100 0.078   15.1713 13.3936 11.3167
 68  90  0.300 0.189 0.156 0.244 0.111   12.9293 11.3715 9.0558
 69  90  0.278 0.222 0.211 0.233 0.056   11.0743 10.2041 8.5246
 70  90  0.311 0.189 0.211 0.156 0.133   13.5718 12.2646 10.2126
 71  90  0.344 0.211 0.178 0.156 0.111   14.0718 11.9004 8.7818
 72  90  0.333 0.222 0.133 0.233 0.078   11.5201 10.1173 8.3001
 73  90  0.344 0.211 0.133 0.256 0.056   11.6165 9.7120 7.9704
 74  90  0.333 0.233 0.156 0.244 0.033   12.9874 11.8156 10.0927
 75  90  0.400 0.200 0.089 0.200 0.111   13.3011 12.1653 10.7357
 76  90  0.300 0.133 0.256 0.200 0.111   14.1239 12.9719 11.3183
 77  90  0.256 0.189 0.267 0.200 0.089   8.9429 7.7580 6.1081
 78  90  0.356 0.267 0.144 0.178 0.056   12.5625 11.5602 9.8862
 79  90  0.333 0.233 0.133 0.211 0.089   11.8533 10.7692 9.2801
 80  90  0.289 0.244 0.200 0.122 0.144   11.1121 8.4936 5.6341
 81  90  0.344 0.167 0.211 0.222 0.056   13.1315 11.9137 9.8773
 82  90  0.289 0.200 0.189 0.222 0.100   9.7584 8.6857 7.0490
 83  90  0.256 0.244 0.189 0.244 0.067   10.9195 10.0838 8.7605
 84  90  0.233 0.156 0.267 0.200 0.144   12.2998 10.9181 9.4907
 85  90  0.300 0.244 0.189 0.200 0.067   12.8228 10.8620 7.9371
 86  90  0.344 0.133 0.200 0.222 0.100   10.3246 9.2458 7.4859
 87  90  0.289 0.178 0.178 0.278 0.078   14.7294 13.4363 11.4564
 88  90  0.244 0.211 0.178 0.256 0.111   13.2261 11.2087 8.3256
 89  90  0.289 0.233 0.211 0.200 0.067   10.7692 9.9620 8.0972
 90  90  0.333 0.189 0.200 0.200 0.078   11.3608 9.4822 7.4453
 91  90  0.278 0.278 0.178 0.222 0.044   12.7816 11.7940 9.8578
 92  90  0.356 0.189 0.156 0.211 0.089   10.5728 9.3651 7.3203
 93  90  0.356 0.100 0.222 0.211 0.111   14.3777 12.4588 9.6490
 94  90  0.344 0.133 0.167 0.233 0.122   14.9119 13.9574 12.2578
 95  90  0.367 0.189 0.211 0.167 0.067   11.0669 10.1041 8.5313
 96  90  0.322 0.200 0.244 0.144 0.089   14.5249 11.5273 8.1216
 97  90  0.267 0.233 0.133 0.256 0.111   12.4247 11.0731 9.4369
 98  90  0.311 0.244 0.122 0.256 0.067   10.6091 10.0250 8.8495
 99  90  0.244 0.300 0.156 0.222 0.078   11.9481 9.9807 8.1922
100  90  0.367 0.167 0.200 0.200 0.067   11.9796 10.2020 8.2698
---------------------------------------------------------------
AVG  90  0.316 0.203 0.175 0.212 0.095   12.3162 10.8729 8.7967
MIN  90  0.200 0.100 0.089 0.100 0.033   8.9429 7.7580 5.6341
MAX  90  0.411 0.300 0.267 0.311 0.167   16.2744 14.3932 12.2893

