  # Samp Profile                         DE76    De94   DL
---------------------------------------------------------------
  1   1  0.000 1.000 0.000 0.000 0.000   15.0374 13.7679 11.5944
  2   1  0.000 1.000 0.000 0.000 0.000   15.1091 13.8449 11.6730
  3   1  0.000 0.000 1.000 0.000 0.000   15.1273 13.8120 11.5294
  4   1  0.000 1.000 0.000 0.000 0.000   15.1756 13.8983 11.7122
  5   1  0.000 1.000 0.000 0.000 0.000   15.0374 13.7679 11.5944
  6   1  0.000 1.000 0.000 0.000 0.000   15.1809 13.9136 11.8017
  7   1  1.000 0.000 0.000 0.000 0.000   13.0925 11.8917 9.7182
  8   1  0.000 0.000 1.000 0.000 0.000   15.1401 13.8273 11.5650
  9   1  0.000 1.000 0.000 0.000 0.000   15.1918 13.9118 11.7238
 10   1  0.000 1.000 0.000 0.000 0.000   15.0398 13.7640 11.5865
 11   1  0.000 1.000 0.000 0.000 0.000   15.1721 13.9101 11.7280
 12   1  0.000 0.000 0.000 1.000 0.000   16.7039 15.4280 13.3811
 13   1  1.000 0.000 0.000 0.000 0.000   12.9583 11.7544 9.5773
 14   1  0.000 1.000 0.000 0.000 0.000   15.1091 13.8449 11.6730
 15   1  0.000 0.000 0.000 1.000 0.000   16.7944 15.5287 13.4823
 16   1  0.000 0.000 0.000 1.000 0.000   16.7995 15.5123 13.4593
 17   1  1.000 0.000 0.000 0.000 0.000   12.9787 11.7775 9.6087
 18   1  1.000 0.000 0.000 0.000 0.000   13.1013 11.8989 9.7284
 19   1  0.000 1.000 0.000 0.000 0.000   15.1600 13.8834 11.7154
 20   1  1.000 0.000 0.000 0.000 0.000   12.9365 11.7332 9.5587
 21   1  0.000 0.000 0.000 1.000 0.000   16.7807 15.4991 13.4558
 22   1  0.000 1.000 0.000 0.000 0.000   15.0526 13.7783 11.5904
 23   1  1.000 0.000 0.000 0.000 0.000   12.9154 11.7330 9.5687
 24   1  0.000 1.000 0.000 0.000 0.000   15.2174 13.9627 11.7997
 25   1  1.000 0.000 0.000 0.000 0.000   13.0557 11.8539 9.6803
 26   1  1.000 0.000 0.000 0.000 0.000   12.9211 11.7271 9.5536
 27   1  0.000 0.000 0.000 1.000 0.000   16.6785 15.4331 13.3984
 28   1  1.000 0.000 0.000 0.000 0.000   13.0346 11.8336 9.6568
 29   1  0.000 0.000 1.000 0.000 0.000   15.0867 13.7716 11.5167
 30   1  1.000 0.000 0.000 0.000 0.000   12.9547 11.7512 9.5733
 31   1  0.000 1.000 0.000 0.000 0.000   15.1727 13.8992 11.7298
 32   1  1.000 0.000 0.000 0.000 0.000   12.9709 11.7677 9.5959
 33   1  0.000 0.000 1.000 0.000 0.000   15.0332 13.7163 11.4427
 34   1  1.000 0.000 0.000 0.000 0.000   13.0906 11.8985 9.7384
 35   1  1.000 0.000 0.000 0.000 0.000   13.0387 11.8573 9.7108
 36   1  1.000 0.000 0.000 0.000 0.000   12.9882 11.7918 9.6643
 37   1  1.000 0.000 0.000 0.000 0.000   12.9652 11.7628 9.5882
 38   1  0.000 0.000 0.000 1.000 0.000   16.8160 15.5397 13.5190
 39   1  1.000 0.000 0.000 0.000 0.000   13.0591 11.8625 9.7181
 40   1  0.000 0.000 1.000 0.000 0.000   15.0204 13.6976 11.4142
 41   1  1.000 0.000 0.000 0.000 0.000   13.0925 11.8917 9.7182
 42   1  1.000 0.000 0.000 0.000 0.000   12.9003 11.6984 9.5324
 43   1  0.000 1.000 0.000 0.000 0.000   15.1710 13.9265 11.8031
 44   1  0.000 0.000 0.000 1.000 0.000   16.8707 15.5832 13.5317
 45   1  0.000 0.000 1.000 0.000 0.000   15.0873 13.7788 11.5053
 46   1  0.000 1.000 0.000 0.000 0.000   15.2307 13.9547 11.7739
 47   1  1.000 0.000 0.000 0.000 0.000   13.0557 11.8539 9.6803
 48   1  0.000 0.000 0.000 1.000 0.000   16.7619 15.4926 13.4558
 49   1  1.000 0.000 0.000 0.000 0.000   13.0426 11.8448 9.6901
 50   1  1.000 0.000 0.000 0.000 0.000   12.9810 11.7974 9.6773
 51   1  0.000 0.000 0.000 1.000 0.000   16.8319 15.5508 13.4980
 52   1  1.000 0.000 0.000 0.000 0.000   13.0118 11.8125 9.6375
 53   1  0.000 0.000 0.000 1.000 0.000   16.7837 15.5020 13.4614
 54   1  1.000 0.000 0.000 0.000 0.000   13.0788 11.8785 9.7217
 55   1  0.000 0.000 0.000 0.000 1.000   19.0367 17.8308 16.0352
 56   1  0.000 0.000 1.000 0.000 0.000   14.9607 13.6363 11.3519
 57   1  1.000 0.000 0.000 0.000 0.000   13.0441 11.8447 9.6751
 58   1  0.000 1.000 0.000 0.000 0.000   15.2601 13.9812 11.8064
 59   1  1.000 0.000 0.000 0.000 0.000   12.9709 11.7677 9.5959
 60   1  1.000 0.000 0.000 0.000 0.000   13.0482 11.8532 9.6912
 61   1  0.000 0.000 0.000 1.000 0.000   16.8259 15.5403 13.4865
 62   1  1.000 0.000 0.000 0.000 0.000   13.0402 11.8408 9.6700
 63   1  0.000 0.000 1.000 0.000 0.000   15.0245 13.7006 11.4171
 64   1  0.000 1.000 0.000 0.000 0.000   15.1670 13.9031 11.7449
 65   1  0.000 0.000 0.000 1.000 0.000   16.7844 15.5052 13.4666
 66   1  0.000 0.000 1.000 0.000 0.000   15.0533 13.7409 11.4858
 67   1  0.000 0.000 1.000 0.000 0.000   14.9566 13.6781 11.4383
 68   1  0.000 1.000 0.000 0.000 0.000   15.1600 13.8834 11.7154
 69   1  0.000 0.000 0.000 1.000 0.000   16.6563 15.3695 13.3197
 70   1  0.000 0.000 0.000 1.000 0.000   16.7709 15.4949 13.4683
 71   1  0.000 0.000 0.000 1.000 0.000   16.7460 15.4692 13.4430
 72   1  0.000 1.000 0.000 0.000 0.000   15.1180 13.8453 11.6643
 73   1  1.000 0.000 0.000 0.000 0.000   13.0140 11.8180 9.6536
 74   1  0.000 1.000 0.000 0.000 0.000   15.2060 13.9340 11.7994
 75   1  0.000 1.000 0.000 0.000 0.000   15.1288 13.8525 11.6783
 76   1  1.000 0.000 0.000 0.000 0.000   13.0506 11.8623 9.7146
 77   1  1.000 0.000 0.000 0.000 0.000   13.0390 11.8426 9.6769
 78   1  0.000 0.000 0.000 1.000 0.000   16.7302 15.4483 13.4047
 79   1  0.000 0.000 0.000 1.000 0.000   16.7935 15.5123 13.4766
 80   1  1.000 0.000 0.000 0.000 0.000   12.9684 11.8252 9.6666
 81   1  0.000 0.000 0.000 0.000 1.000   18.9870 17.7622 15.9449
 82   1  0.000 1.000 0.000 0.000 0.000   15.2147 13.9402 11.7573
 83   1  0.000 0.000 0.000 1.000 0.000   16.6924 15.4108 13.3688
 84   1  0.000 1.000 0.000 0.000 0.000   15.1554 13.8798 11.6994
 85   1  1.000 0.000 0.000 0.000 0.000   13.0268 11.8314 9.7044
 86   1  0.000 1.000 0.000 0.000 0.000   15.2398 13.9593 11.7715
 87   1  1.000 0.000 0.000 0.000 0.000   13.0231 11.8201 9.6468
 88   1  1.000 0.000 0.000 0.000 0.000   12.9882 11.7918 9.6643
 89   1  0.000 0.000 0.000 0.000 1.000   18.9062 17.6901 15.8854
 90   1  0.000 0.000 1.000 0.000 0.000   15.1509 13.8336 11.5929
 91   1  0.000 1.000 0.000 0.000 0.000   15.1536 13.9026 11.7824
 92   1  1.000 0.000 0.000 0.000 0.000   13.0111 11.8116 9.6461
 93   1  1.000 0.000 0.000 0.000 0.000   13.0837 11.8872 9.7197
 94   1  0.000 1.000 0.000 0.000 0.000   15.0920 13.8120 11.6255
 95   1  0.000 0.000 0.000 1.000 0.000   16.6857 15.3974 13.3414
 96   1  0.000 0.000 0.000 1.000 0.000   16.7919 15.5091 13.4584
 97   1  0.000 0.000 0.000 1.000 0.000   16.8813 15.6168 13.5862
 98   1  0.000 0.000 1.000 0.000 0.000   15.0867 13.7716 11.5167
 99   1  0.000 0.000 0.000 1.000 0.000   16.7600 15.4900 13.5377
100   1  1.000 0.000 0.000 0.000 0.000   13.0591 11.8625 9.7181
---------------------------------------------------------------
AVG   1  0.370 0.260 0.120 0.220 0.030   14.8214 13.5733 11.4353
MIN   1  0.000 0.000 0.000 0.000 0.000   12.9003 11.6984 9.5324
MAX   1  1.000 1.000 1.000 1.000 1.000   19.0367 17.8308 16.0352

  # Samp Profile                         DE76    De94   DL
---------------------------------------------------------------
  1   3  0.000 0.000 0.000 1.000 0.000   16.7170 15.4164 13.3800
  2   3  0.333 0.000 0.333 0.333 0.000   14.6701 13.3990 11.2195
  3   3  0.333 0.333 0.000 0.333 0.000   14.7408 13.4721 11.2820
  4   3  0.333 0.333 0.000 0.333 0.000   14.7188 13.4381 11.2452
  5   3  0.333 0.000 0.333 0.333 0.000   14.7981 13.5815 11.3971
  6   3  0.333 0.000 0.000 0.667 0.000   15.3562 14.0467 11.8115
  7   3  0.667 0.000 0.333 0.000 0.000   13.3496 12.1534 9.9948
  8   3  0.333 0.333 0.000 0.333 0.000   14.6174 13.3844 11.2595
  9   3  0.333 0.000 0.333 0.000 0.333   15.2816 13.9729 11.7434
 10   3  0.333 0.000 0.000 0.667 0.000   14.9130 13.6600 11.5132
 11   3  0.333 0.333 0.000 0.333 0.000   14.7108 13.4537 11.2937
 12   3  0.667 0.000 0.000 0.333 0.000   14.0873 12.8605 10.6956
 13   3  0.333 0.333 0.000 0.333 0.000   14.9101 13.6516 11.4606
 14   3  0.333 0.000 0.667 0.000 0.000   14.3645 13.0753 10.8244
 15   3  0.333 0.000 0.667 0.000 0.000   14.2037 12.9096 10.6354
 16   3  0.000 0.667 0.333 0.000 0.000   15.1284 13.8504 11.7215
 17   3  0.667 0.333 0.000 0.000 0.000   13.5332 12.3668 10.3148
 18   3  1.000 0.000 0.000 0.000 0.000   12.9675 11.7771 9.5942
 19   3  0.333 0.333 0.000 0.333 0.000   14.7744 13.4991 11.3010
 20   3  0.333 0.333 0.333 0.000 0.000   14.3204 13.0643 10.8822
 21   3  0.000 0.667 0.000 0.333 0.000   15.6964 14.3950 12.1932
 22   3  0.333 0.000 0.667 0.000 0.000   14.4402 13.1514 10.9106
 23   3  0.333 0.000 0.000 0.667 0.000   15.3060 14.0398 11.8228
 24   3  0.667 0.000 0.000 0.333 0.000   14.0850 12.8335 10.7026
 25   3  0.000 0.000 0.667 0.333 0.000   15.6669 14.3439 12.1709
 26   3  0.333 0.667 0.000 0.000 0.000   14.3198 13.0717 10.9673
 27   3  0.333 0.333 0.000 0.333 0.000   14.7467 13.4649 11.2671
 28   3  0.667 0.000 0.333 0.000 0.000   13.6470 12.3881 10.1604
 29   3  0.000 0.000 0.667 0.333 0.000   15.7055 14.3803 12.1286
 30   3  0.333 0.000 0.333 0.000 0.333   15.4473 14.1349 11.8886
 31   3  0.000 0.333 0.333 0.333 0.000   15.5105 14.2537 12.0942
 32   3  0.667 0.333 0.000 0.000 0.000   13.5647 12.3495 10.2019
 33   3  0.333 0.000 0.667 0.000 0.000   14.4291 13.1409 10.8971
 34   3  0.333 0.667 0.000 0.000 0.000   14.4536 13.2003 11.0735
 35   3  0.667 0.333 0.000 0.000 0.000   13.4770 12.2649 10.1196
 36   3  0.667 0.333 0.000 0.000 0.000   13.5846 12.3761 10.2636
 37   3  0.333 0.000 0.000 0.667 0.000   15.0039 13.6872 11.4432
 38   3  0.667 0.000 0.333 0.000 0.000   13.7818 12.5526 10.3890
 39   3  0.333 0.000 0.667 0.000 0.000   14.2539 12.9495 10.6582
 40   3  0.333 0.333 0.333 0.000 0.000   14.3220 13.0598 10.8980
 41   3  0.000 1.000 0.000 0.000 0.000   15.2789 14.0306 11.8846
 42   3  0.000 1.000 0.000 0.000 0.000   15.4000 14.1010 11.8775
 43   3  0.333 0.000 0.000 0.667 0.000   15.3544 14.0638 11.8643
 44   3  0.667 0.000 0.333 0.000 0.000   13.3379 12.1345 9.9658
 45   3  0.667 0.333 0.000 0.000 0.000   13.7141 12.4931 10.3671
 46   3  0.667 0.000 0.333 0.000 0.000   13.6005 12.3658 10.1842
 47   3  0.667 0.333 0.000 0.000 0.000   13.5900 12.3725 10.2413
 48   3  0.333 0.333 0.000 0.333 0.000   14.8048 13.5670 11.4346
 49   3  0.667 0.000 0.000 0.333 0.000   13.7849 12.5667 10.3822
 50   3  0.000 0.667 0.000 0.333 0.000   15.4712 14.1776 11.9760
 51   3  0.333 0.000 0.333 0.333 0.000   14.8447 13.5566 11.3425
 52   3  0.333 0.000 0.333 0.333 0.000   14.6616 13.3563 11.1183
 53   3  0.333 0.000 0.333 0.000 0.333   15.2565 13.9823 11.7604
 54   3  0.333 0.333 0.333 0.000 0.000   14.1996 12.9402 10.7399
 55   3  0.333 0.000 0.000 0.333 0.333   15.7894 14.4763 12.3359
 56   3  0.333 0.000 0.000 0.667 0.000   15.1226 13.8574 11.6922
 57   3  0.333 0.333 0.000 0.000 0.333   15.2255 13.9387 11.7329
 58   3  0.333 0.667 0.000 0.000 0.000   14.4172 13.1634 11.0192
 59   3  0.000 0.667 0.000 0.333 0.000   15.7683 14.4672 12.2805
 60   3  0.333 0.333 0.000 0.333 0.000   14.7806 13.5376 11.4004
 61   3  0.333 0.000 0.000 0.667 0.000   15.1476 13.8412 11.6177
 62   3  0.667 0.333 0.000 0.000 0.000   13.5627 12.3604 10.2387
 63   3  0.000 0.667 0.333 0.000 0.000   14.9749 13.7128 11.5456
 64   3  0.333 0.000 0.333 0.333 0.000   14.5931 13.3099 11.0611
 65   3  0.333 0.333 0.333 0.000 0.000   14.3649 13.0986 10.8982
 66   3  0.667 0.333 0.000 0.000 0.000   13.7063 12.4794 10.3362
 67   3  0.000 0.333 0.667 0.000 0.000   14.8594 13.6290 11.4331
 68   3  0.667 0.333 0.000 0.000 0.000   13.3893 12.2282 10.1769
 69   3  0.667 0.000 0.000 0.333 0.000   14.1221 12.8913 10.7699
 70   3  0.333 0.333 0.000 0.333 0.000   14.6390 13.3621 11.1700
 71   3  0.667 0.333 0.000 0.000 0.000   13.6790 12.4662 10.3267
 72   3  0.333 0.667 0.000 0.000 0.000   14.3848 13.1809 11.0799
 73   3  0.333 0.667 0.000 0.000 0.000   14.4384 13.1921 11.0802
 74   3  0.000 0.333 0.333 0.333 0.000   15.6632 14.3894 12.2608
 75   3  1.000 0.000 0.000 0.000 0.000   12.8326 11.6394 9.4706
 76   3  0.333 0.000 0.333 0.000 0.333   15.3821 14.0723 11.8808
 77   3  0.667 0.000 0.333 0.000 0.000   13.3748 12.1265 9.9017
 78   3  0.333 0.000 0.333 0.333 0.000   14.8439 13.5523 11.3169
 79   3  0.000 1.000 0.000 0.000 0.000   15.2922 14.0153 11.8507
 80   3  0.333 0.333 0.000 0.333 0.000   14.7629 13.5153 11.3266
 81   3  0.000 0.667 0.333 0.000 0.000   14.8210 13.5951 11.4285
 82   3  0.333 0.000 0.333 0.333 0.000   14.8202 13.5232 11.2687
 83   3  0.667 0.000 0.000 0.333 0.000   13.8464 12.6047 10.4097
 84   3  0.333 0.000 0.667 0.000 0.000   14.2547 12.9802 10.7185
 85   3  0.000 0.667 0.000 0.333 0.000   15.8862 14.5876 12.3966
 86   3  0.333 0.000 0.667 0.000 0.000   14.3847 13.0979 10.8420
 87   3  0.000 0.333 0.333 0.333 0.000   15.4247 14.1097 11.8875
 88   3  0.667 0.000 0.333 0.000 0.000   13.5493 12.3115 10.2538
 89   3  0.000 0.000 0.333 0.667 0.000   16.1074 14.8023 12.6400
 90   3  0.333 0.333 0.333 0.000 0.000   14.1424 12.9325 10.8220
 91   3  0.000 0.667 0.333 0.000 0.000   14.7626 13.4684 11.2439
 92   3  0.667 0.333 0.000 0.000 0.000   13.6375 12.4074 10.2415
 93   3  0.000 0.667 0.333 0.000 0.000   15.1123 13.8488 11.6568
 94   3  0.000 0.333 0.000 0.333 0.333   16.6540 15.3801 13.3151
 95   3  0.333 0.333 0.000 0.333 0.000   14.7793 13.5134 11.3583
 96   3  0.000 0.000 0.667 0.333 0.000   15.3579 14.0995 11.9920
 97   3  1.000 0.000 0.000 0.000 0.000   13.0450 11.8612 9.7021
 98   3  0.667 0.000 0.000 0.333 0.000   14.0126 12.7840 10.6063
 99   3  1.000 0.000 0.000 0.000 0.000   13.0477 11.8411 9.7196
100   3  0.333 0.333 0.333 0.000 0.000   14.0772 12.8585 10.6971
---------------------------------------------------------------
AVG   3  0.367 0.240 0.183 0.187 0.023   14.5774 13.3189 11.1436
MIN   3  0.000 0.000 0.000 0.000 0.000   12.8326 11.6394 9.4706
MAX   3  1.000 1.000 0.667 1.000 0.333   16.7170 15.4164 13.3800

  # Samp Profile                         DE76    De94   DL
---------------------------------------------------------------
  1  10  0.400 0.100 0.200 0.300 0.000   14.6177 13.4011 11.1670
  2  10  0.200 0.200 0.200 0.300 0.100   15.2072 13.9270 11.9689
  3  10  0.400 0.300 0.200 0.100 0.000   13.9609 12.7530 10.6090
  4  10  0.300 0.400 0.100 0.200 0.000   14.6663 13.3697 11.1951
  5  10  0.300 0.200 0.100 0.400 0.000   14.9624 13.6669 11.4187
  6  10  0.300 0.500 0.000 0.200 0.000   14.4840 13.3530 11.4834
  7  10  0.500 0.200 0.200 0.100 0.000   14.0949 12.9000 10.7840
  8  10  0.500 0.000 0.100 0.400 0.000   14.5186 13.2256 11.0306
  9  10  0.100 0.400 0.300 0.100 0.100   15.3873 14.0350 11.7900
 10  10  0.400 0.200 0.200 0.200 0.000   14.4465 13.1649 11.0472
 11  10  0.500 0.300 0.200 0.000 0.000   13.5866 12.3217 10.1787
 12  10  0.400 0.100 0.100 0.400 0.000   14.5202 13.2532 11.2128
 13  10  0.400 0.200 0.300 0.100 0.000   13.6604 12.4935 10.3090
 14  10  0.500 0.100 0.000 0.400 0.000   14.5538 13.2301 11.0058
 15  10  0.300 0.300 0.200 0.200 0.000   14.4472 13.1502 10.9471
 16  10  0.600 0.300 0.000 0.000 0.100   14.1607 12.9346 10.7885
 17  10  0.300 0.500 0.100 0.100 0.000   14.4953 13.1962 10.9604
 18  10  0.300 0.200 0.300 0.200 0.000   14.4151 13.1670 11.0479
 19  10  0.200 0.100 0.400 0.200 0.100   15.0993 13.7911 11.5698
 20  10  0.300 0.300 0.200 0.100 0.100   14.8472 13.5347 11.2875
 21  10  0.200 0.400 0.300 0.000 0.100   14.6283 13.3444 11.1544
 22  10  0.700 0.000 0.100 0.100 0.100   13.8233 12.6141 10.5587
 23  10  0.300 0.300 0.100 0.200 0.100   14.8168 13.5254 11.3714
 24  10  0.500 0.000 0.300 0.200 0.000   13.8429 12.6307 10.3689
 25  10  0.100 0.300 0.400 0.200 0.000   15.2952 13.9440 11.7423
 26  10  0.200 0.200 0.300 0.300 0.000   14.7966 13.5096 11.2778
 27  10  0.400 0.400 0.000 0.100 0.100   14.1652 13.0135 10.9030
 28  10  0.300 0.300 0.100 0.300 0.000   14.7960 13.5211 11.3173
 29  10  0.200 0.300 0.100 0.400 0.000   15.1850 13.9096 11.7540
 30  10  0.200 0.300 0.400 0.100 0.000   14.7862 13.5156 11.4217
 31  10  0.200 0.300 0.200 0.300 0.000   14.4206 13.2091 11.1345
 32  10  0.300 0.300 0.400 0.000 0.000   14.4335 13.1920 11.0209
 33  10  0.500 0.100 0.300 0.100 0.000   14.2291 12.9861 10.7951
 34  10  0.200 0.500 0.100 0.200 0.000   15.1726 13.8882 11.6747
 35  10  0.200 0.200 0.100 0.500 0.000   15.0919 13.7459 11.4807
 36  10  0.200 0.300 0.400 0.000 0.100   14.5784 13.2926 11.0828
 37  10  0.300 0.400 0.100 0.100 0.100   14.5245 13.2295 10.9824
 38  10  0.200 0.300 0.100 0.300 0.100   15.0228 13.8188 11.6394
 39  10  0.500 0.300 0.000 0.200 0.000   14.1421 12.8595 10.7216
 40  10  0.100 0.400 0.200 0.200 0.100   15.2160 13.8282 11.5022
 41  10  0.300 0.200 0.300 0.200 0.000   14.6668 13.4190 11.2900
 42  10  0.200 0.600 0.000 0.100 0.100   15.3214 14.0002 11.7830
 43  10  0.100 0.100 0.400 0.400 0.000   15.4994 14.2835 12.1505
 44  10  0.400 0.200 0.300 0.100 0.000   13.8991 12.7206 10.5267
 45  10  0.400 0.100 0.100 0.200 0.200   14.4375 13.2287 10.9630
 46  10  0.300 0.300 0.300 0.100 0.000   14.4650 13.1991 11.0720
 47  10  0.400 0.100 0.200 0.300 0.000   14.8591 13.5565 11.2834
 48  10  0.300 0.200 0.200 0.300 0.000   15.2056 13.9070 11.7141
 49  10  0.200 0.400 0.200 0.200 0.000   15.0342 13.7183 11.5273
 50  10  0.500 0.100 0.300 0.100 0.000   13.9913 12.7187 10.5005
 51  10  0.300 0.000 0.200 0.500 0.000   14.6803 13.4305 11.2637
 52  10  0.300 0.200 0.000 0.300 0.200   15.2880 14.0014 11.7630
 53  10  0.300 0.000 0.200 0.500 0.000   14.9162 13.6284 11.3472
 54  10  0.400 0.100 0.300 0.100 0.100   14.8544 13.6015 11.4802
 55  10  0.300 0.300 0.000 0.300 0.100   15.0394 13.7695 11.5634
 56  10  0.600 0.000 0.100 0.200 0.100   14.0016 12.6837 10.4210
 57  10  0.500 0.400 0.000 0.100 0.000   13.9736 12.7376 10.5933
 58  10  0.300 0.200 0.400 0.100 0.000   14.8947 13.5877 11.3627
 59  10  0.300 0.400 0.100 0.200 0.000   14.5066 13.2284 11.0660
 60  10  0.500 0.300 0.100 0.100 0.000   14.1987 12.9430 10.8296
 61  10  0.200 0.500 0.200 0.100 0.000   14.8348 13.5566 11.3409
 62  10  0.500 0.100 0.100 0.300 0.000   14.0998 12.8795 10.6861
 63  10  0.400 0.400 0.000 0.200 0.000   14.4652 13.2604 11.0850
 64  10  0.400 0.100 0.300 0.100 0.100   14.4761 13.2887 11.0639
 65  10  0.000 0.400 0.400 0.200 0.000   15.3546 14.0224 11.7571
 66  10  0.300 0.300 0.200 0.200 0.000   14.7042 13.4070 11.2521
 67  10  0.300 0.200 0.300 0.100 0.100   14.6325 13.3518 11.1406
 68  10  0.300 0.200 0.400 0.100 0.000   13.9153 12.7441 10.7197
 69  10  0.300 0.400 0.100 0.200 0.000   14.6073 13.3382 11.1571
 70  10  0.200 0.400 0.200 0.200 0.000   14.3395 13.0306 10.7859
 71  10  0.400 0.500 0.000 0.100 0.000   14.4366 13.1704 10.9620
 72  10  0.400 0.200 0.200 0.100 0.100   14.2746 13.0690 10.8898
 73  10  0.300 0.500 0.100 0.000 0.100   14.5141 13.3156 11.2867
 74  10  0.300 0.300 0.100 0.300 0.000   14.7331 13.4299 11.1746
 75  10  0.500 0.300 0.000 0.200 0.000   14.2423 12.9730 10.8286
 76  10  0.200 0.300 0.300 0.200 0.000   14.7541 13.4926 11.2959
 77  10  0.300 0.300 0.100 0.300 0.000   14.5204 13.2728 11.1429
 78  10  0.100 0.400 0.200 0.100 0.200   15.4549 14.1618 12.0362
 79  10  0.300 0.300 0.300 0.000 0.100   14.0485 12.8395 10.7124
 80  10  0.500 0.100 0.100 0.300 0.000   14.1636 12.8670 10.7063
 81  10  0.300 0.200 0.300 0.200 0.000   14.5278 13.2970 11.0855
 82  10  0.500 0.100 0.100 0.100 0.200   14.8892 13.5973 11.4437
 83  10  0.300 0.200 0.200 0.300 0.000   14.9066 13.5890 11.3470
 84  10  0.200 0.600 0.100 0.100 0.000   14.6237 13.4480 11.3018
 85  10  0.200 0.300 0.200 0.200 0.100   15.3827 14.0854 11.8702
 86  10  0.300 0.600 0.100 0.000 0.000   14.6814 13.4581 11.3924
 87  10  0.200 0.400 0.200 0.100 0.100   15.2732 13.9690 11.7375
 88  10  0.400 0.100 0.400 0.000 0.100   14.4208 13.1061 10.8314
 89  10  0.200 0.400 0.200 0.000 0.200   15.0743 13.7577 11.5045
 90  10  0.400 0.100 0.200 0.200 0.100   15.0389 13.7937 11.6207
 91  10  0.300 0.100 0.000 0.300 0.300   15.9333 14.5831 12.3139
 92  10  0.200 0.500 0.000 0.200 0.100   14.9685 13.7766 11.7302
 93  10  0.300 0.300 0.300 0.100 0.000   14.5201 13.2362 11.0417
 94  10  0.400 0.200 0.000 0.200 0.200   15.0086 13.6908 11.4949
 95  10  0.100 0.300 0.300 0.300 0.000   14.9854 13.8457 11.7764
 96  10  0.200 0.200 0.300 0.300 0.000   15.1775 13.9019 11.7620
 97  10  0.300 0.300 0.000 0.300 0.100   15.1206 13.8671 11.7206
 98  10  0.100 0.200 0.400 0.300 0.000   14.8679 13.5370 11.2889
 99  10  0.400 0.100 0.200 0.200 0.100   14.5906 13.2846 10.9946
100  10  0.200 0.400 0.100 0.300 0.000   14.4314 13.2335 11.1159
---------------------------------------------------------------
AVG  10  0.316 0.265 0.183 0.192 0.044   14.6583 13.3934 11.2160
MIN  10  0.000 0.000 0.000 0.000 0.000   13.5866 12.3217 10.1787
MAX  10  0.700 0.600 0.400 0.500 0.300   15.9333 14.5831 12.3139

  # Samp Profile                         DE76    De94   DL
---------------------------------------------------------------
  1  30  0.333 0.300 0.100 0.200 0.067   14.1083 12.9625 10.6472
  2  30  0.267 0.167 0.167 0.333 0.067   15.3875 14.0328 11.8262
  3  30  0.267 0.200 0.267 0.233 0.033   15.7982 14.5666 12.4560
  4  30  0.500 0.200 0.133 0.167 0.000   14.3730 13.0777 10.8355
  5  30  0.400 0.267 0.033 0.267 0.033   14.2497 13.0004 10.8050
  6  30  0.367 0.200 0.300 0.133 0.000   13.9603 12.8703 10.7481
  7  30  0.333 0.267 0.167 0.233 0.000   14.5396 13.2341 11.1488
  8  30  0.433 0.233 0.067 0.233 0.033   15.1453 13.7408 11.3741
  9  30  0.433 0.100 0.167 0.233 0.067   14.2840 13.1909 11.0793
 10  30  0.467 0.233 0.133 0.133 0.033   14.0266 12.8174 10.6940
 11  30  0.333 0.200 0.167 0.233 0.067   14.0430 12.7102 10.3678
 12  30  0.467 0.133 0.233 0.067 0.100   13.6134 12.5315 10.5421
 13  30  0.467 0.133 0.133 0.200 0.067   14.1481 12.9181 10.8401
 14  30  0.300 0.233 0.133 0.300 0.033   14.7713 13.6685 11.7816
 15  30  0.300 0.233 0.200 0.233 0.033   14.7552 13.3932 11.1534
 16  30  0.433 0.367 0.000 0.133 0.067   14.3151 13.0205 10.7827
 17  30  0.267 0.100 0.200 0.367 0.067   14.9777 13.6147 11.3327
 18  30  0.467 0.233 0.133 0.133 0.033   14.9622 13.8775 11.8611
 19  30  0.400 0.167 0.233 0.167 0.033   14.0901 12.8011 10.5560
 20  30  0.233 0.200 0.300 0.133 0.133   14.5598 13.2426 11.0893
 21  30  0.367 0.200 0.133 0.233 0.067   14.5014 13.1940 10.8171
 22  30  0.267 0.300 0.200 0.233 0.000   14.8470 13.4981 11.2221
 23  30  0.300 0.433 0.100 0.133 0.033   14.7585 13.6793 11.6147
 24  30  0.367 0.267 0.100 0.267 0.000   14.3152 12.9346 10.5459
 25  30  0.233 0.267 0.300 0.167 0.033   15.1754 13.9157 11.6976
 26  30  0.433 0.300 0.100 0.100 0.067   13.3231 12.0530 9.7205
 27  30  0.300 0.267 0.200 0.233 0.000   15.0053 13.7696 11.4907
 28  30  0.333 0.300 0.133 0.167 0.067   15.7380 14.5473 12.3760
 29  30  0.267 0.333 0.200 0.200 0.000   13.9659 12.7406 10.6090
 30  30  0.300 0.333 0.100 0.233 0.033   14.9555 13.6892 11.4789
 31  30  0.267 0.200 0.200 0.267 0.067   14.8951 13.5557 11.2062
 32  30  0.367 0.200 0.167 0.267 0.000   14.5079 13.2735 11.0153
 33  30  0.200 0.167 0.367 0.267 0.000   14.3578 12.9281 10.6098
 34  30  0.233 0.233 0.200 0.333 0.000   14.6078 13.2969 11.0354
 35  30  0.267 0.367 0.133 0.200 0.033   14.7244 13.3538 10.9252
 36  30  0.133 0.500 0.133 0.233 0.000   14.8340 13.5974 11.8059
 37  30  0.333 0.267 0.200 0.167 0.033   15.1458 13.9692 12.0079
 38  30  0.233 0.233 0.167 0.300 0.067   15.4231 14.0448 11.6933
 39  30  0.400 0.233 0.167 0.133 0.067   14.7577 13.5855 11.6567
 40  30  0.400 0.300 0.167 0.133 0.000   14.2854 12.9591 10.6331
 41  30  0.300 0.267 0.267 0.100 0.067   13.6978 12.6150 10.6665
 42  30  0.267 0.367 0.133 0.233 0.000   15.2731 14.0234 11.8255
 43  30  0.333 0.133 0.267 0.200 0.067   14.7485 13.5245 11.4812
 44  30  0.233 0.267 0.367 0.133 0.000   14.7939 13.5131 11.3629
 45  30  0.467 0.167 0.167 0.133 0.067   14.2336 12.9596 10.6876
 46  30  0.200 0.400 0.133 0.267 0.000   14.5152 13.2462 11.1606
 47  30  0.400 0.133 0.233 0.167 0.067   14.1018 12.8980 10.6784
 48  30  0.333 0.300 0.233 0.133 0.000   14.0272 12.7994 10.7722
 49  30  0.267 0.400 0.167 0.133 0.033   14.7861 13.6994 11.5802
 50  30  0.333 0.267 0.200 0.133 0.067   14.2814 12.9047 10.6813
 51  30  0.333 0.267 0.233 0.133 0.033   14.5549 13.2048 11.0053
 52  30  0.267 0.333 0.133 0.167 0.100   14.7841 13.4865 11.1997
 53  30  0.300 0.300 0.200 0.167 0.033   13.8547 12.6888 10.5875
 54  30  0.233 0.300 0.333 0.100 0.033   15.3879 13.9459 11.5944
 55  30  0.200 0.200 0.367 0.233 0.000   14.8326 13.6627 11.4551
 56  30  0.400 0.200 0.133 0.200 0.067   14.4090 13.1254 10.9758
 57  30  0.333 0.267 0.167 0.133 0.100   14.9318 13.5777 11.5760
 58  30  0.400 0.233 0.167 0.133 0.067   14.0715 13.0577 11.1305
 59  30  0.300 0.400 0.200 0.067 0.033   14.0786 12.9052 10.7026
 60  30  0.333 0.267 0.233 0.133 0.033   14.5185 13.1929 10.9689
 61  30  0.300 0.400 0.133 0.133 0.033   15.4392 14.1485 12.0260
 62  30  0.267 0.400 0.133 0.200 0.000   14.1403 13.0275 10.9232
 63  30  0.500 0.233 0.200 0.033 0.033   14.3097 13.0688 10.7754
 64  30  0.367 0.233 0.200 0.167 0.033   14.8262 13.4793 11.2389
 65  30  0.200 0.233 0.367 0.167 0.033   15.0044 13.6508 11.2917
 66  30  0.333 0.267 0.200 0.167 0.033   14.1687 12.7806 10.5328
 67  30  0.433 0.200 0.167 0.133 0.067   14.9787 13.7026 11.7891
 68  30  0.333 0.233 0.233 0.200 0.000   14.1692 13.0420 10.9711
 69  30  0.367 0.367 0.167 0.100 0.000   14.5764 13.1852 10.7841
 70  30  0.100 0.333 0.267 0.200 0.100   15.5872 14.2982 12.1876
 71  30  0.333 0.033 0.333 0.267 0.033   14.3094 12.9114 10.6595
 72  30  0.433 0.167 0.233 0.167 0.000   14.9715 13.5317 11.2857
 73  30  0.267 0.200 0.267 0.233 0.033   14.8066 13.5434 11.3823
 74  30  0.500 0.200 0.100 0.200 0.000   13.8223 12.5424 10.3355
 75  30  0.200 0.300 0.267 0.200 0.033   15.0953 13.7493 11.5392
 76  30  0.433 0.367 0.100 0.100 0.000   14.5679 13.4000 11.1681
 77  30  0.233 0.333 0.233 0.167 0.033   15.3306 14.0833 11.9631
 78  30  0.367 0.167 0.200 0.167 0.100   15.0434 13.6946 11.3588
 79  30  0.267 0.333 0.133 0.267 0.000   14.8301 13.6280 11.5725
 80  30  0.267 0.233 0.300 0.133 0.067   14.2390 13.0323 10.9253
 81  30  0.167 0.400 0.100 0.333 0.000   15.2164 14.0160 11.7440
 82  30  0.367 0.233 0.167 0.133 0.100   14.7049 13.4046 11.2185
 83  30  0.400 0.367 0.033 0.200 0.000   14.4420 13.0690 10.8196
 84  30  0.467 0.167 0.133 0.100 0.133   14.5094 13.1597 10.7093
 85  30  0.467 0.133 0.100 0.267 0.033   14.1420 12.8236 10.4345
 86  30  0.200 0.267 0.267 0.267 0.000   15.2110 14.0155 12.1748
 87  30  0.500 0.267 0.133 0.100 0.000   13.8776 12.5928 10.5991
 88  30  0.400 0.233 0.100 0.233 0.033   15.5003 14.2779 12.3092
 89  30  0.433 0.200 0.133 0.200 0.033   13.8265 12.6778 10.5444
 90  30  0.333 0.233 0.233 0.133 0.067   13.8041 12.6092 10.5309
 91  30  0.300 0.367 0.200 0.133 0.000   14.6640 13.4818 11.4469
 92  30  0.233 0.233 0.200 0.233 0.100   15.5949 14.4181 12.2870
 93  30  0.400 0.300 0.133 0.133 0.033   14.4882 13.2188 11.1469
 94  30  0.300 0.267 0.233 0.100 0.100   14.1818 12.8758 10.7625
 95  30  0.233 0.367 0.067 0.267 0.067   14.9342 13.6572 11.5286
 96  30  0.400 0.367 0.133 0.100 0.000   14.7129 13.5682 11.2369
 97  30  0.267 0.267 0.233 0.167 0.067   14.8772 13.7006 11.6024
 98  30  0.200 0.333 0.267 0.133 0.067   14.3070 12.9595 10.5636
 99  30  0.400 0.167 0.133 0.233 0.067   15.1997 13.9173 11.6086
100  30  0.467 0.267 0.033 0.233 0.000   14.5061 13.2451 11.2308
---------------------------------------------------------------
AVG  30  0.331 0.260 0.183 0.186 0.039   14.6103 13.3508 11.1738
MIN  30  0.100 0.033 0.000 0.033 0.000   13.3231 12.0530 9.7205
MAX  30  0.500 0.500 0.367 0.367 0.133   15.7982 14.5666 12.4560

  # Samp Profile                         DE76    De94   DL
---------------------------------------------------------------
  1  90  0.378 0.178 0.200 0.211 0.033   13.6893 12.2771 10.2489
  2  90  0.344 0.167 0.244 0.222 0.022   14.9251 13.8131 11.7779
  3  90  0.333 0.211 0.178 0.244 0.033   16.8680 15.4112 12.5332
  4  90  0.333 0.244 0.178 0.211 0.033   11.4403 10.3854 7.6788
  5  90  0.422 0.211 0.189 0.156 0.022   13.3695 12.6471 11.3142
  6  90  0.322 0.256 0.111 0.300 0.011   13.8742 12.7967 10.5032
  7  90  0.367 0.233 0.200 0.178 0.022   10.1266 8.5344 6.1779
  8  90  0.333 0.311 0.167 0.189 0.000   14.3913 13.0164 10.3255
  9  90  0.333 0.222 0.200 0.200 0.044   11.7689 9.8305 7.5555
 10  90  0.411 0.256 0.156 0.178 0.000   11.0522 9.9692 7.6083
 11  90  0.200 0.222 0.244 0.267 0.067   13.1244 12.0393 9.8792
 12  90  0.333 0.278 0.167 0.178 0.044   12.5884 11.5216 9.7626
 13  90  0.367 0.278 0.100 0.200 0.056   15.9545 14.0196 11.1837
 14  90  0.244 0.200 0.222 0.289 0.044   13.9437 12.6994 10.6833
 15  90  0.400 0.144 0.144 0.244 0.067   17.3042 16.2385 14.1978
 16  90  0.322 0.289 0.178 0.156 0.056   15.6329 14.4450 12.3577
 17  90  0.378 0.256 0.133 0.200 0.033   11.6735 10.8478 8.4975
 18  90  0.289 0.278 0.156 0.222 0.056   11.7424 11.0092 9.4688
 19  90  0.333 0.278 0.167 0.167 0.056   12.3210 10.9540 9.2228
 20  90  0.300 0.311 0.144 0.189 0.056   12.6052 11.3084 9.6951
 21  90  0.233 0.233 0.267 0.256 0.011   15.3920 14.5405 13.0317
 22  90  0.444 0.244 0.167 0.122 0.022   15.2607 13.1908 10.1975
 23  90  0.322 0.278 0.200 0.156 0.044   12.4489 11.7029 9.9781
 24  90  0.311 0.267 0.178 0.178 0.067   13.6394 12.9675 10.9624
 25  90  0.456 0.178 0.178 0.167 0.022   13.2707 11.9773 9.3233
 26  90  0.356 0.222 0.133 0.233 0.056   14.7212 13.6014 11.6886
 27  90  0.322 0.233 0.244 0.167 0.033   16.6673 14.8424 12.6376
 28  90  0.333 0.278 0.178 0.200 0.011   14.4743 12.5879 9.5917
 29  90  0.333 0.289 0.100 0.267 0.011   17.3404 15.7606 13.9776
 30  90  0.311 0.222 0.244 0.167 0.056   15.8363 14.9623 13.3329
 31  90  0.267 0.222 0.178 0.233 0.100   13.7579 12.4549 10.1835
 32  90  0.289 0.278 0.200 0.178 0.056   12.9381 12.1914 10.3305
 33  90  0.256 0.278 0.189 0.278 0.000   16.5721 15.6343 14.0163
 34  90  0.322 0.256 0.200 0.200 0.022   19.1799 18.2624 16.8125
 35  90  0.400 0.189 0.133 0.211 0.067   12.7854 11.6171 9.4418
 36  90  0.322 0.233 0.189 0.222 0.033   13.4361 12.5184 10.4598
 37  90  0.422 0.189 0.133 0.189 0.067   11.6349 9.3451 6.9167
 38  90  0.344 0.233 0.200 0.200 0.022   18.5383 17.1068 15.1941
 39  90  0.367 0.289 0.167 0.167 0.011   20.2177 18.0557 16.1010
 40  90  0.244 0.222 0.244 0.256 0.033   14.7864 13.4851 10.5022
 41  90  0.311 0.289 0.144 0.200 0.056   12.7683 12.2980 11.1612
 42  90  0.333 0.167 0.278 0.189 0.033   12.3465 11.5631 10.1420
 43  90  0.344 0.278 0.233 0.100 0.044   15.0580 13.9021 10.7598
 44  90  0.400 0.133 0.200 0.222 0.044   11.7686 10.8586 8.6892
 45  90  0.300 0.233 0.167 0.256 0.044   15.0025 13.9100 12.0724
 46  90  0.267 0.200 0.211 0.278 0.044   15.5455 14.6652 13.2842
 47  90  0.333 0.267 0.189 0.167 0.044   12.1189 11.2758 9.6042
 48  90  0.378 0.222 0.156 0.156 0.089   12.5968 11.3163 8.6480
 49  90  0.356 0.267 0.133 0.189 0.056   12.9202 11.6339 9.2366
 50  90  0.356 0.244 0.211 0.156 0.033   12.6592 11.3017 9.9896
 51  90  0.322 0.278 0.178 0.222 0.000   11.5767 10.9053 9.3690
 52  90  0.344 0.233 0.200 0.200 0.022   15.8505 14.4126 11.7401
 53  90  0.378 0.233 0.222 0.133 0.033   11.0801 9.8711 7.9324
 54  90  0.389 0.222 0.167 0.211 0.011   13.5680 11.8509 9.7649
 55  90  0.356 0.200 0.156 0.244 0.044   14.7787 13.3463 9.4621
 56  90  0.267 0.311 0.178 0.189 0.056   13.6015 12.3923 10.4013
 57  90  0.389 0.267 0.189 0.133 0.022   15.5148 14.6978 12.7463
 58  90  0.300 0.322 0.167 0.189 0.022   12.5578 11.6811 9.5352
 59  90  0.356 0.278 0.156 0.189 0.022   12.8769 11.3284 8.3994
 60  90  0.422 0.211 0.133 0.178 0.056   15.9376 14.8431 12.9811
 61  90  0.267 0.389 0.178 0.111 0.056   11.2138 10.5945 9.1171
 62  90  0.367 0.256 0.222 0.122 0.033   10.8267 9.2666 6.9767
 63  90  0.344 0.244 0.200 0.189 0.022   14.0683 13.3393 11.5857
 64  90  0.311 0.267 0.122 0.244 0.056   16.3930 14.4870 11.9623
 65  90  0.378 0.211 0.178 0.200 0.033   16.5647 14.8984 12.7197
 66  90  0.322 0.267 0.156 0.144 0.111   15.3556 13.7600 12.0018
 67  90  0.389 0.156 0.256 0.189 0.011   13.9257 13.2772 11.9714
 68  90  0.244 0.300 0.144 0.278 0.033   10.4904 9.4364 7.2110
 69  90  0.389 0.222 0.222 0.122 0.044   11.6340 10.7335 8.4870
 70  90  0.278 0.256 0.233 0.178 0.056   15.3880 13.8759 11.3799
 71  90  0.356 0.256 0.167 0.200 0.022   13.5492 12.7070 10.7700
 72  90  0.300 0.256 0.256 0.167 0.022   15.5946 14.0776 11.8308
 73  90  0.333 0.267 0.167 0.200 0.033   14.5607 13.4945 11.9865
 74  90  0.322 0.344 0.144 0.156 0.033   13.7584 12.4303 10.3848
 75  90  0.333 0.178 0.211 0.222 0.056   13.9049 12.0332 8.8718
 76  90  0.311 0.267 0.133 0.256 0.033   15.0987 13.9353 11.5418
 77  90  0.367 0.222 0.256 0.133 0.022   12.8022 11.4759 9.6325
 78  90  0.356 0.211 0.156 0.211 0.067   17.1640 15.6267 13.2803
 79  90  0.422 0.211 0.189 0.167 0.011   13.2413 11.3182 8.5187
 80  90  0.344 0.244 0.156 0.211 0.044   14.5755 13.4718 10.6098
 81  90  0.256 0.222 0.244 0.256 0.022   17.3858 15.6758 12.8796
 82  90  0.344 0.200 0.200 0.233 0.022   15.7481 13.2516 10.8046
 83  90  0.333 0.189 0.178 0.256 0.044   17.5618 15.7800 12.8856
 84  90  0.322 0.233 0.233 0.167 0.044   15.8570 14.5047 12.4986
 85  90  0.311 0.278 0.178 0.200 0.033   14.5639 13.5971 11.8885
 86  90  0.289 0.333 0.133 0.200 0.044   13.5042 12.3356 10.6093
 87  90  0.367 0.311 0.122 0.156 0.044   13.6689 12.0217 10.3195
 88  90  0.356 0.167 0.133 0.278 0.067   17.4547 15.6348 13.6806
 89  90  0.278 0.311 0.211 0.167 0.033   13.7102 12.3716 9.9228
 90  90  0.389 0.256 0.167 0.144 0.044   14.4006 13.6322 12.5597
 91  90  0.289 0.211 0.167 0.278 0.056   14.5220 13.5138 11.5308
 92  90  0.322 0.256 0.178 0.200 0.044   17.0601 15.2791 13.1885
 93  90  0.356 0.211 0.233 0.167 0.033   13.3315 11.3014 9.0437
 94  90  0.333 0.289 0.133 0.211 0.033   13.5945 12.9581 11.3279
 95  90  0.311 0.300 0.233 0.122 0.033   14.8008 13.4187 11.5579
 96  90  0.367 0.200 0.211 0.189 0.033   15.6237 14.2229 12.2841
 97  90  0.378 0.222 0.122 0.244 0.033   13.7590 12.7765 10.9098
 98  90  0.422 0.211 0.189 0.144 0.033   14.8966 14.2827 12.7713
 99  90  0.389 0.167 0.256 0.133 0.056   15.2267 13.8228 12.1076
100  90  0.344 0.222 0.189 0.222 0.022   14.9038 14.1143 12.3901
---------------------------------------------------------------
AVG  90  0.338 0.243 0.183 0.197 0.039   14.2310 12.9736 10.8727
MIN  90  0.200 0.133 0.100 0.100 0.000   10.1266 8.5344 6.1779
MAX  90  0.456 0.389 0.278 0.300 0.111   20.2177 18.2624 16.8125

