  # Samp Profile                         DE76    De94   DL
---------------------------------------------------------------
  1   1  0.000 0.000 0.000 0.000 1.000   11.1284 9.3797 7.2013
  2   1  0.000 0.000 0.000 1.000 0.000   11.3374 9.6046 7.4274
  3   1  0.000 0.000 0.000 1.000 0.000   11.3401 9.6030 7.4190
  4   1  0.000 0.000 1.000 0.000 0.000   11.5907 9.9622 7.9269
  5   1  0.000 0.000 0.000 0.000 1.000   11.0552 9.3033 7.1147
  6   1  0.000 0.000 0.000 0.000 1.000   11.1256 9.3841 7.2155
  7   1  0.000 0.000 0.000 0.000 1.000   11.1256 9.3841 7.2155
  8   1  0.000 0.000 0.000 1.000 0.000   11.3314 9.5899 7.3958
  9   1  0.000 1.000 0.000 0.000 0.000   12.3944 10.6525 8.5237
 10   1  0.000 0.000 0.000 1.000 0.000   11.3248 9.5959 7.4089
 11   1  0.000 0.000 0.000 0.000 1.000   11.1687 9.4175 7.2365
 12   1  0.000 0.000 0.000 0.000 1.000   11.0887 9.3644 7.2185
 13   1  0.000 1.000 0.000 0.000 0.000   12.2415 10.4966 8.3868
 14   1  0.000 0.000 0.000 0.000 1.000   11.1687 9.4175 7.2365
 15   1  0.000 0.000 1.000 0.000 0.000   11.6874 10.0498 8.0079
 16   1  0.000 0.000 0.000 1.000 0.000   11.2903 9.5534 7.3635
 17   1  0.000 0.000 1.000 0.000 0.000   11.7146 10.0721 8.0130
 18   1  0.000 0.000 0.000 0.000 1.000   11.1377 9.3971 7.2167
 19   1  0.000 0.000 0.000 1.000 0.000   11.3033 9.5765 7.3898
 20   1  0.000 0.000 0.000 1.000 0.000   11.3243 9.6083 7.4513
 21   1  0.000 0.000 0.000 1.000 0.000   11.2511 9.5778 7.4296
 22   1  0.000 0.000 0.000 1.000 0.000   11.3504 9.6127 7.4221
 23   1  0.000 0.000 0.000 0.000 1.000   11.0552 9.3033 7.1147
 24   1  0.000 0.000 0.000 0.000 1.000   11.1367 9.3879 7.2083
 25   1  0.000 1.000 0.000 0.000 0.000   12.2853 10.5831 8.4673
 26   1  1.000 0.000 0.000 0.000 0.000   13.6364 12.0516 10.2776
 27   1  0.000 0.000 0.000 0.000 1.000   11.0546 9.3145 7.1349
 28   1  1.000 0.000 0.000 0.000 0.000   13.6449 12.0571 10.2833
 29   1  0.000 0.000 0.000 1.000 0.000   11.3314 9.5899 7.3958
 30   1  1.000 0.000 0.000 0.000 0.000   13.5035 11.9783 10.2121
 31   1  0.000 1.000 0.000 0.000 0.000   12.2552 10.5613 8.4864
 32   1  0.000 0.000 0.000 0.000 1.000   11.1129 9.3783 7.2059
 33   1  0.000 0.000 1.000 0.000 0.000   11.6008 9.9629 7.9194
 34   1  0.000 0.000 0.000 0.000 1.000   11.0163 9.2831 7.1139
 35   1  1.000 0.000 0.000 0.000 0.000   13.6032 12.0534 10.3026
 36   1  1.000 0.000 0.000 0.000 0.000   13.5947 12.0271 10.2593
 37   1  0.000 0.000 0.000 0.000 1.000   11.0417 9.3216 7.1675
 38   1  1.000 0.000 0.000 0.000 0.000   13.3549 11.8207 10.0781
 39   1  0.000 0.000 0.000 0.000 1.000   11.0900 9.3433 7.1607
 40   1  0.000 1.000 0.000 0.000 0.000   12.3834 10.6420 8.5148
 41   1  1.000 0.000 0.000 0.000 0.000   13.5893 12.0182 10.2549
 42   1  0.000 0.000 0.000 1.000 0.000   11.3400 9.6162 7.4362
 43   1  0.000 0.000 0.000 0.000 1.000   11.1367 9.3879 7.2083
 44   1  1.000 0.000 0.000 0.000 0.000   13.5866 12.0023 10.2274
 45   1  0.000 0.000 1.000 0.000 0.000   11.6727 10.0296 7.9731
 46   1  0.000 1.000 0.000 0.000 0.000   12.3309 10.5803 8.4441
 47   1  0.000 0.000 1.000 0.000 0.000   11.7183 10.0792 8.0287
 48   1  0.000 1.000 0.000 0.000 0.000   12.2867 10.5590 8.4587
 49   1  0.000 0.000 1.000 0.000 0.000   11.7166 10.0724 8.0151
 50   1  0.000 0.000 0.000 0.000 1.000   11.1144 9.3804 7.2269
 51   1  0.000 0.000 0.000 0.000 1.000   11.0983 9.3529 7.1738
 52   1  0.000 1.000 0.000 0.000 0.000   12.3191 10.5714 8.4323
 53   1  0.000 0.000 0.000 0.000 1.000   10.9377 9.1863 6.9996
 54   1  0.000 0.000 1.000 0.000 0.000   11.6506 10.0306 8.0137
 55   1  1.000 0.000 0.000 0.000 0.000   13.4822 11.9169 10.1565
 56   1  0.000 0.000 0.000 1.000 0.000   11.3314 9.5899 7.3958
 57   1  0.000 0.000 0.000 0.000 1.000   11.0957 9.3766 7.2308
 58   1  0.000 0.000 1.000 0.000 0.000   11.6957 10.0733 8.0496
 59   1  0.000 0.000 0.000 1.000 0.000   11.3169 9.6060 7.4361
 60   1  0.000 0.000 0.000 1.000 0.000   11.3553 9.6159 7.4275
 61   1  0.000 0.000 1.000 0.000 0.000   11.6552 10.0485 8.0203
 62   1  0.000 1.000 0.000 0.000 0.000   12.3834 10.6420 8.5148
 63   1  0.000 0.000 0.000 0.000 1.000   11.1208 9.3707 7.1891
 64   1  0.000 0.000 0.000 1.000 0.000   11.2668 9.5392 7.3722
 65   1  0.000 0.000 0.000 0.000 1.000   11.1089 9.3659 7.2009
 66   1  0.000 0.000 1.000 0.000 0.000   11.6470 10.0158 7.9756
 67   1  0.000 0.000 0.000 0.000 1.000   11.1193 9.3775 7.2129
 68   1  0.000 0.000 1.000 0.000 0.000   11.5777 9.9854 7.9568
 69   1  0.000 0.000 0.000 0.000 1.000   11.0689 9.3303 7.1854
 70   1  0.000 0.000 0.000 0.000 1.000   11.1568 9.4082 7.2242
 71   1  0.000 1.000 0.000 0.000 0.000   12.3164 10.5955 8.4731
 72   1  0.000 0.000 1.000 0.000 0.000   11.7121 10.0757 8.0331
 73   1  1.000 0.000 0.000 0.000 0.000   13.6409 12.0562 10.2887
 74   1  1.000 0.000 0.000 0.000 0.000   13.6601 12.0789 10.3175
 75   1  0.000 0.000 0.000 0.000 1.000   11.1129 9.3783 7.2059
 76   1  0.000 0.000 0.000 0.000 1.000   11.0106 9.2818 7.1291
 77   1  1.000 0.000 0.000 0.000 0.000   13.4723 11.8945 10.1209
 78   1  1.000 0.000 0.000 0.000 0.000   13.6410 12.0572 10.2826
 79   1  0.000 0.000 0.000 0.000 1.000   11.0270 9.2817 7.1006
 80   1  1.000 0.000 0.000 0.000 0.000   13.6050 12.0246 10.2535
 81   1  0.000 0.000 1.000 0.000 0.000   11.6727 10.0296 7.9731
 82   1  0.000 1.000 0.000 0.000 0.000   12.2999 10.5663 8.4550
 83   1  1.000 0.000 0.000 0.000 0.000   13.3549 11.8207 10.0781
 84   1  0.000 0.000 1.000 0.000 0.000   11.6308 10.0011 7.9544
 85   1  0.000 0.000 1.000 0.000 0.000   11.6984 10.0561 7.9995
 86   1  0.000 1.000 0.000 0.000 0.000   12.1353 10.4057 8.3629
 87   1  0.000 0.000 0.000 0.000 1.000   11.0972 9.3601 7.1808
 88   1  0.000 0.000 0.000 1.000 0.000   11.3170 9.5776 7.3870
 89   1  0.000 1.000 0.000 0.000 0.000   12.2415 10.4966 8.3868
 90   1  0.000 0.000 0.000 0.000 1.000   11.0406 9.3052 7.1312
 91   1  1.000 0.000 0.000 0.000 0.000   13.5035 11.9783 10.2121
 92   1  1.000 0.000 0.000 0.000 0.000   13.6231 12.0565 10.2998
 93   1  0.000 0.000 1.000 0.000 0.000   11.7027 10.0587 8.0007
 94   1  0.000 0.000 0.000 1.000 0.000   11.2671 9.5764 7.4493
 95   1  1.000 0.000 0.000 0.000 0.000   13.6667 12.0882 10.3229
 96   1  0.000 0.000 1.000 0.000 0.000   11.6620 10.0414 7.9982
 97   1  0.000 0.000 0.000 0.000 1.000   11.1540 9.4080 7.2265
 98   1  1.000 0.000 0.000 0.000 0.000   13.6678 12.0856 10.3168
 99   1  0.000 1.000 0.000 0.000 0.000   12.2347 10.5315 8.4233
100   1  0.000 1.000 0.000 0.000 0.000   12.2521 10.5171 8.4087
---------------------------------------------------------------
AVG   1  0.190 0.150 0.180 0.170 0.310   11.8848 10.2008 8.1374
MIN   1  0.000 0.000 0.000 0.000 0.000   10.9377 9.1863 6.9996
MAX   1  1.000 1.000 1.000 1.000 1.000   13.6678 12.0882 10.3229

  # Samp Profile                         DE76    De94   DL
---------------------------------------------------------------
  1   3  0.333 0.333 0.333 0.000 0.000   12.2184 10.6669 8.7841
  2   3  0.333 0.333 0.333 0.000 0.000   12.2407 10.6588 8.7601
  3   3  0.333 0.000 0.333 0.000 0.333   11.5513 9.8831 7.8377
  4   3  0.333 0.333 0.000 0.000 0.333   11.7502 10.0548 7.9763
  5   3  0.000 0.000 0.667 0.333 0.000   11.4029 9.7329 7.6707
  6   3  0.000 0.333 0.333 0.000 0.333   11.4446 9.7397 7.6108
  7   3  0.000 0.333 0.333 0.333 0.000   11.8052 10.0896 7.9668
  8   3  0.333 0.000 0.000 0.000 0.667   11.1453 9.5214 7.3843
  9   3  0.000 0.000 0.000 0.333 0.667   11.0403 9.2972 7.1198
 10   3  0.667 0.333 0.000 0.000 0.000   12.9842 11.3736 9.5441
 11   3  0.333 0.000 0.000 0.333 0.333   11.2590 9.5767 7.5491
 12   3  0.000 0.000 1.000 0.000 0.000   11.8050 10.1593 8.1083
 13   3  0.333 0.000 0.000 0.000 0.667   10.9494 9.2887 7.1802
 14   3  0.000 0.000 0.333 0.667 0.000   11.3494 9.6768 7.5587
 15   3  0.000 0.000 0.000 0.333 0.667   11.1518 9.3863 7.1832
 16   3  0.667 0.000 0.333 0.000 0.000   12.9253 11.3294 9.4627
 17   3  0.000 0.000 0.333 0.000 0.667   10.9886 9.2551 7.0887
 18   3  0.000 0.333 0.333 0.333 0.000   11.6188 9.9295 7.8335
 19   3  0.667 0.333 0.000 0.000 0.000   12.8064 11.1959 9.3420
 20   3  0.000 0.333 0.000 0.333 0.333   11.4605 9.7048 7.4881
 21   3  0.000 0.333 0.333 0.000 0.333   11.3948 9.7095 7.5972
 22   3  0.000 0.000 0.333 0.667 0.000   11.2903 9.6306 7.5391
 23   3  0.000 0.000 0.667 0.000 0.333   11.2078 9.5145 7.3627
 24   3  0.333 0.000 0.000 0.333 0.333   11.5126 9.8210 7.6942
 25   3  0.333 0.000 0.333 0.000 0.333   11.4376 9.8406 7.7842
 26   3  0.333 0.000 0.667 0.000 0.000   12.0663 10.4628 8.5044
 27   3  0.000 0.000 0.333 0.000 0.667   10.7929 9.1107 6.9625
 28   3  0.000 0.333 0.333 0.000 0.333   11.3320 9.6613 7.5294
 29   3  0.333 0.000 0.000 0.000 0.667   11.2196 9.5121 7.3903
 30   3  0.000 0.333 0.667 0.000 0.000   11.6386 10.0495 8.0221
 31   3  0.333 0.000 0.667 0.000 0.000   12.2213 10.6202 8.6544
 32   3  0.333 0.000 0.333 0.333 0.000   12.0081 10.3880 8.4246
 33   3  0.000 0.000 0.000 0.333 0.667   11.0980 9.3817 7.2292
 34   3  0.000 0.000 0.000 0.667 0.333   11.2396 9.4931 7.3041
 35   3  0.000 0.000 0.333 0.333 0.333   11.2308 9.5027 7.3356
 36   3  0.000 0.000 0.667 0.000 0.333   11.2233 9.5311 7.4401
 37   3  0.000 0.000 0.667 0.000 0.333   11.2446 9.5468 7.4275
 38   3  0.000 0.000 0.000 0.667 0.333   11.1968 9.4443 7.2404
 39   3  0.000 0.000 1.000 0.000 0.000   11.6025 9.9535 7.8906
 40   3  0.333 0.000 0.000 0.333 0.333   11.3552 9.6971 7.6019
 41   3  0.333 0.000 0.333 0.333 0.000   11.7924 10.1720 8.1553
 42   3  0.333 0.000 0.667 0.000 0.000   12.0641 10.5365 8.6675
 43   3  0.000 0.333 0.000 0.000 0.667   11.3441 9.5863 7.3855
 44   3  0.000 0.000 0.667 0.000 0.333   11.2126 9.5364 7.4077
 45   3  0.000 0.000 0.667 0.000 0.333   11.2389 9.5289 7.3938
 46   3  0.000 0.000 0.000 0.333 0.667   11.0940 9.4043 7.2740
 47   3  0.000 0.333 0.000 0.000 0.667   11.1914 9.4561 7.3351
 48   3  0.000 0.000 0.333 0.333 0.333   10.8243 9.2064 7.1176
 49   3  0.000 0.000 0.333 0.000 0.667   10.9379 9.3079 7.1748
 50   3  0.000 0.333 0.333 0.000 0.333   11.5013 9.7706 7.6187
 51   3  0.000 0.333 0.000 0.333 0.333   11.4260 9.6906 7.5100
 52   3  0.000 0.333 0.667 0.000 0.000   11.4643 9.7920 7.7971
 53   3  0.000 0.333 0.333 0.000 0.333   11.3682 9.6707 7.5244
 54   3  0.000 0.333 0.667 0.000 0.000   11.8651 10.2067 8.1615
 55   3  0.333 0.333 0.000 0.333 0.000   12.0926 10.4563 8.4798
 56   3  0.000 0.333 0.000 0.333 0.333   11.3375 9.5888 7.4092
 57   3  0.000 0.000 0.333 0.333 0.333   11.0636 9.3564 7.2250
 58   3  0.000 0.333 0.667 0.000 0.000   11.8671 10.2251 8.1953
 59   3  0.000 0.000 0.667 0.000 0.333   11.2085 9.5948 7.4716
 60   3  0.333 0.333 0.000 0.000 0.333   11.7945 10.1065 8.0238
 61   3  0.333 0.000 0.000 0.000 0.667   11.1803 9.5089 7.3782
 62   3  0.000 0.667 0.333 0.000 0.000   12.0327 10.3155 8.2152
 63   3  0.000 0.000 0.333 0.333 0.333   11.1354 9.4182 7.2577
 64   3  0.000 0.000 0.333 0.000 0.667   11.0186 9.2670 7.0738
 65   3  0.000 0.000 0.667 0.333 0.000   11.5431 9.8652 7.7759
 66   3  0.000 0.333 0.000 0.333 0.333   11.5581 9.7891 7.5616
 67   3  0.000 0.667 0.333 0.000 0.000   11.9567 10.2966 8.2363
 68   3  0.000 0.000 0.333 0.667 0.000   11.3104 9.6428 7.5188
 69   3  0.333 0.333 0.000 0.000 0.333   11.7265 10.0437 7.9615
 70   3  0.000 0.000 0.333 0.000 0.667   11.0254 9.2765 7.1040
 71   3  0.333 0.000 0.000 0.333 0.333   11.1984 9.5902 7.5007
 72   3  0.000 0.667 0.000 0.000 0.333   11.7296 9.9666 7.7878
 73   3  0.000 0.667 0.000 0.333 0.000   11.9974 10.2275 8.0291
 74   3  0.000 0.333 0.333 0.000 0.333   11.3532 9.6095 7.4292
 75   3  0.000 1.000 0.000 0.000 0.000   12.3951 10.6317 8.4742
 76   3  0.000 0.000 0.667 0.333 0.000   11.4036 9.7794 7.7204
 77   3  0.333 0.000 0.000 0.667 0.000   11.5901 9.9202 7.8760
 78   3  0.000 0.000 0.667 0.000 0.333   11.1753 9.5254 7.4479
 79   3  0.000 0.333 0.333 0.000 0.333   11.4051 9.6708 7.5068
 80   3  0.000 0.000 0.333 0.000 0.667   11.0184 9.2706 7.0840
 81   3  0.000 0.000 0.333 0.333 0.333   11.1795 9.5087 7.3749
 82   3  0.000 0.333 0.333 0.000 0.333   11.3637 9.6752 7.5642
 83   3  0.333 0.000 0.000 0.333 0.333   11.5706 9.8672 7.7396
 84   3  0.000 0.333 0.333 0.333 0.000   11.6689 10.0189 7.9885
 85   3  0.667 0.000 0.333 0.000 0.000   13.0377 11.4462 9.5754
 86   3  0.000 0.000 0.000 0.333 0.667   11.0717 9.3360 7.1937
 87   3  0.000 0.333 0.000 0.667 0.000   11.7405 9.9809 7.7727
 88   3  0.333 0.000 0.333 0.000 0.333   11.4864 9.8439 7.7899
 89   3  0.000 0.000 0.000 0.333 0.667   11.0576 9.2934 7.0940
 90   3  0.333 0.000 0.333 0.333 0.000   11.8021 10.1627 8.1705
 91   3  0.333 0.000 0.000 0.333 0.333   11.4312 9.7569 7.6613
 92   3  0.000 0.333 0.333 0.000 0.333   11.3467 9.6871 7.5547
 93   3  0.000 0.000 0.333 0.333 0.333   11.1713 9.4402 7.2882
 94   3  0.000 0.000 0.333 0.333 0.333   11.1893 9.4617 7.2926
 95   3  0.667 0.000 0.000 0.000 0.333   12.1284 10.4928 8.5090
 96   3  0.000 0.333 0.333 0.000 0.333   11.3865 9.6658 7.5306
 97   3  0.333 0.000 0.333 0.000 0.333   11.6642 9.9852 7.8963
 98   3  0.333 0.000 0.333 0.333 0.000   11.8293 10.2184 8.2519
 99   3  0.000 0.333 0.333 0.000 0.333   11.2910 9.6006 7.4835
100   3  0.667 0.333 0.000 0.000 0.000   12.8537 11.2197 9.3474
---------------------------------------------------------------
AVG   3  0.133 0.150 0.280 0.163 0.273   11.5292 9.8486 7.7573
MIN   3  0.000 0.000 0.000 0.000 0.000   10.7929 9.1107 6.9625
MAX   3  0.667 1.000 1.000 0.667 0.667   13.0377 11.4462 9.5754

  # Samp Profile                         DE76    De94   DL
---------------------------------------------------------------
  1  10  0.000 0.000 0.300 0.200 0.500   11.1159 9.3792 7.2251
  2  10  0.400 0.000 0.100 0.300 0.200   11.4609 9.7761 7.6734
  3  10  0.300 0.100 0.100 0.300 0.200   11.6967 10.0032 7.9144
  4  10  0.200 0.100 0.100 0.300 0.300   11.6316 9.9313 7.7980
  5  10  0.200 0.300 0.100 0.100 0.300   11.4589 9.7035 7.6201
  6  10  0.400 0.300 0.100 0.000 0.200   11.8555 10.2493 8.2333
  7  10  0.300 0.100 0.300 0.200 0.100   11.7389 10.1367 8.0932
  8  10  0.100 0.000 0.300 0.100 0.500   11.4038 9.6172 7.3972
  9  10  0.200 0.100 0.000 0.000 0.700   11.2286 9.4708 7.2575
 10  10  0.000 0.200 0.100 0.100 0.600   11.0471 9.3941 7.3269
 11  10  0.200 0.200 0.200 0.200 0.200   11.2860 9.6634 7.5722
 12  10  0.300 0.100 0.000 0.200 0.400   11.1468 9.4583 7.3809
 13  10  0.200 0.400 0.000 0.200 0.200   11.9258 10.2076 8.0306
 14  10  0.100 0.300 0.400 0.000 0.200   11.8144 10.0863 7.9737
 15  10  0.100 0.300 0.300 0.100 0.200   11.6347 9.9967 7.9279
 16  10  0.200 0.100 0.100 0.100 0.500   11.6294 9.8921 7.7112
 17  10  0.000 0.000 0.500 0.400 0.100   11.5227 9.7835 7.6268
 18  10  0.100 0.000 0.200 0.200 0.500   11.2914 9.5105 7.3128
 19  10  0.200 0.100 0.300 0.200 0.200   11.7524 10.0850 7.9909
 20  10  0.100 0.100 0.000 0.400 0.400   10.9056 9.1092 6.8856
 21  10  0.000 0.100 0.300 0.300 0.300   10.8636 9.1935 7.0687
 22  10  0.100 0.100 0.500 0.100 0.200   10.9125 9.3496 7.3596
 23  10  0.200 0.300 0.300 0.000 0.200   11.6711 9.9627 7.9559
 24  10  0.200 0.200 0.200 0.100 0.300   11.6669 9.9703 7.8226
 25  10  0.200 0.100 0.000 0.300 0.400   11.2481 9.5853 7.5102
 26  10  0.100 0.200 0.300 0.300 0.100   11.2784 9.5885 7.5558
 27  10  0.100 0.400 0.300 0.200 0.000   11.6193 9.9656 8.0287
 28  10  0.200 0.000 0.300 0.200 0.300   11.1261 9.4914 7.3429
 29  10  0.200 0.100 0.100 0.200 0.400   11.6030 9.8221 7.6249
 30  10  0.300 0.200 0.100 0.200 0.200   11.7692 10.0930 7.9910
 31  10  0.100 0.300 0.300 0.000 0.300   11.6452 9.8770 7.7265
 32  10  0.100 0.200 0.400 0.100 0.200   10.9443 9.3585 7.2997
 33  10  0.400 0.200 0.100 0.100 0.200   11.5671 9.8555 7.7652
 34  10  0.000 0.100 0.300 0.200 0.400   10.9942 9.3403 7.1783
 35  10  0.200 0.100 0.200 0.100 0.400   11.1708 9.4728 7.3990
 36  10  0.300 0.200 0.200 0.000 0.300   11.7841 10.0729 8.0314
 37  10  0.300 0.000 0.100 0.400 0.200   11.5748 9.9110 7.8621
 38  10  0.300 0.200 0.200 0.200 0.100   12.0173 10.2947 8.1794
 39  10  0.300 0.100 0.000 0.300 0.300   11.6557 9.9294 7.7623
 40  10  0.200 0.000 0.300 0.200 0.300   11.1907 9.5410 7.5507
 41  10  0.400 0.300 0.000 0.200 0.100   12.0327 10.3348 8.2933
 42  10  0.100 0.300 0.100 0.300 0.200   11.5474 9.8164 7.6729
 43  10  0.000 0.100 0.000 0.400 0.500   10.9136 9.3799 7.2511
 44  10  0.200 0.300 0.200 0.300 0.000   12.0330 10.2905 8.1602
 45  10  0.300 0.100 0.300 0.100 0.200   11.6097 10.0478 8.0669
 46  10  0.200 0.100 0.300 0.200 0.200   11.8094 10.0545 7.8609
 47  10  0.400 0.100 0.100 0.100 0.300   11.5053 9.8737 7.8444
 48  10  0.000 0.100 0.300 0.200 0.400   11.1788 9.4298 7.2649
 49  10  0.000 0.400 0.100 0.200 0.300   11.4558 9.7417 7.6015
 50  10  0.000 0.300 0.200 0.300 0.200   11.0498 9.3525 7.1739
 51  10  0.200 0.100 0.200 0.200 0.300   11.3227 9.5590 7.4548
 52  10  0.000 0.100 0.300 0.400 0.200   11.2811 9.5395 7.3677
 53  10  0.300 0.100 0.200 0.000 0.400   11.5283 9.7900 7.6593
 54  10  0.000 0.100 0.300 0.000 0.600   10.8714 9.2668 7.1378
 55  10  0.300 0.200 0.200 0.100 0.200   11.7899 10.1241 8.0417
 56  10  0.200 0.400 0.000 0.200 0.200   11.6076 9.9705 7.8961
 57  10  0.000 0.200 0.200 0.000 0.600   10.9969 9.3058 7.1874
 58  10  0.000 0.300 0.100 0.200 0.400   11.1017 9.4646 7.3335
 59  10  0.100 0.300 0.300 0.200 0.100   11.6065 9.9936 7.9209
 60  10  0.200 0.200 0.300 0.100 0.200   11.5974 9.9307 7.8684
 61  10  0.100 0.000 0.400 0.200 0.300   11.0563 9.3421 7.2818
 62  10  0.300 0.200 0.100 0.300 0.100   11.9776 10.2562 8.1803
 63  10  0.100 0.000 0.500 0.200 0.200   11.2661 9.7166 7.7069
 64  10  0.100 0.200 0.300 0.200 0.200   11.7854 10.0680 7.9590
 65  10  0.300 0.100 0.400 0.000 0.200   12.1388 10.4284 8.3436
 66  10  0.400 0.200 0.000 0.200 0.200   11.5726 9.9206 7.9029
 67  10  0.300 0.100 0.200 0.300 0.100   11.6869 10.0163 8.0527
 68  10  0.200 0.100 0.400 0.100 0.200   11.5420 9.8611 7.7431
 69  10  0.200 0.000 0.200 0.300 0.300   11.1958 9.5438 7.3856
 70  10  0.000 0.100 0.200 0.200 0.500   11.0685 9.3233 7.1738
 71  10  0.300 0.200 0.100 0.100 0.300   11.4712 9.7768 7.6998
 72  10  0.300 0.000 0.300 0.200 0.200   11.9340 10.2895 8.2350
 73  10  0.000 0.300 0.200 0.100 0.400   11.6276 9.8670 7.7117
 74  10  0.000 0.200 0.100 0.200 0.500   11.1424 9.4291 7.2910
 75  10  0.300 0.200 0.100 0.100 0.300   11.5373 9.8275 7.6664
 76  10  0.200 0.100 0.200 0.100 0.400   11.2201 9.5677 7.4283
 77  10  0.300 0.000 0.100 0.200 0.400   11.7517 10.0114 7.8734
 78  10  0.100 0.100 0.300 0.300 0.200   11.2795 9.6404 7.5592
 79  10  0.300 0.200 0.000 0.300 0.200   11.4759 9.8029 7.7915
 80  10  0.200 0.300 0.200 0.200 0.100   11.7696 10.2079 8.1965
 81  10  0.200 0.100 0.300 0.000 0.400   11.2967 9.6682 7.6258
 82  10  0.100 0.100 0.400 0.200 0.200   11.3942 9.7315 7.7269
 83  10  0.300 0.000 0.100 0.100 0.500   11.1650 9.5033 7.3783
 84  10  0.000 0.200 0.200 0.400 0.200   11.3960 9.7170 7.5484
 85  10  0.000 0.100 0.300 0.300 0.300   11.0074 9.3863 7.3279
 86  10  0.200 0.300 0.300 0.100 0.100   11.7782 10.1315 8.1699
 87  10  0.100 0.100 0.200 0.300 0.300   11.0059 9.4269 7.3237
 88  10  0.200 0.100 0.200 0.100 0.400   11.5825 9.8340 7.6794
 89  10  0.300 0.200 0.300 0.200 0.000   11.7484 10.1736 8.1977
 90  10  0.000 0.000 0.400 0.400 0.200   11.1037 9.5048 7.3974
 91  10  0.200 0.200 0.200 0.000 0.400   11.3648 9.6563 7.5704
 92  10  0.200 0.200 0.200 0.100 0.300   11.3696 9.8356 7.8205
 93  10  0.300 0.100 0.100 0.200 0.300   11.3665 9.7846 7.7056
 94  10  0.200 0.100 0.200 0.000 0.500   11.1485 9.5516 7.4416
 95  10  0.000 0.100 0.200 0.300 0.400   11.2169 9.4167 7.2060
 96  10  0.400 0.100 0.200 0.100 0.200   11.9873 10.3449 8.3096
 97  10  0.200 0.100 0.200 0.300 0.200   11.3080 9.6346 7.5380
 98  10  0.100 0.200 0.300 0.200 0.200   11.7817 10.0528 7.9479
 99  10  0.200 0.200 0.000 0.100 0.500   11.5528 9.9053 7.7847
100  10  0.100 0.200 0.100 0.300 0.300   11.4451 9.7843 7.6748
---------------------------------------------------------------
AVG  10  0.176 0.153 0.204 0.183 0.284   11.4521 9.7734 7.6758
MIN  10  0.000 0.000 0.000 0.000 0.000   10.8636 9.1092 6.8856
MAX  10  0.400 0.400 0.500 0.400 0.700   12.1388 10.4284 8.3436

  # Samp Profile                         DE76    De94   DL
---------------------------------------------------------------
  1  30  0.167 0.133 0.267 0.133 0.300   11.3957 9.6372 7.4020
  2  30  0.167 0.167 0.200 0.233 0.233   11.5800 10.0479 7.9711
  3  30  0.200 0.033 0.133 0.200 0.433   11.7172 9.8927 7.6499
  4  30  0.133 0.300 0.233 0.133 0.200   11.9136 10.3020 8.2167
  5  30  0.267 0.133 0.333 0.167 0.100   11.9788 10.1281 7.8830
  6  30  0.200 0.067 0.100 0.167 0.467   11.2426 9.5774 7.4828
  7  30  0.200 0.233 0.167 0.167 0.233   11.7520 10.1105 7.9298
  8  30  0.100 0.167 0.167 0.300 0.267   10.9930 9.3310 7.3050
  9  30  0.233 0.067 0.367 0.067 0.267   11.5376 9.9025 7.9623
 10  30  0.133 0.167 0.300 0.267 0.133   11.3339 9.7164 7.5824
 11  30  0.100 0.200 0.300 0.200 0.200   11.8554 10.0358 7.7476
 12  30  0.233 0.133 0.133 0.100 0.400   11.4571 9.7842 7.7134
 13  30  0.200 0.167 0.233 0.133 0.267   11.3826 9.6991 7.6995
 14  30  0.200 0.133 0.233 0.133 0.300   11.3816 9.7098 7.7000
 15  30  0.267 0.133 0.100 0.133 0.367   11.5935 9.9517 8.0594
 16  30  0.233 0.100 0.133 0.233 0.300   11.7431 10.0696 7.9789
 17  30  0.200 0.167 0.133 0.267 0.233   11.9123 10.0921 7.7986
 18  30  0.233 0.267 0.133 0.100 0.267   12.2344 10.4311 8.2418
 19  30  0.067 0.067 0.300 0.267 0.300   11.5558 9.7982 7.6254
 20  30  0.267 0.200 0.200 0.267 0.067   11.1564 9.5900 7.6371
 21  30  0.067 0.167 0.200 0.167 0.400   11.2255 9.5109 7.3883
 22  30  0.200 0.267 0.133 0.200 0.200   11.9926 10.1988 8.1085
 23  30  0.067 0.133 0.333 0.267 0.200   11.7476 10.0277 7.9172
 24  30  0.200 0.100 0.167 0.233 0.300   12.1209 10.4125 8.3811
 25  30  0.067 0.133 0.300 0.133 0.367   10.5746 8.8599 6.7902
 26  30  0.133 0.100 0.167 0.200 0.400   11.0601 9.4447 7.3395
 27  30  0.167 0.133 0.167 0.200 0.333   11.5855 9.8039 7.6300
 28  30  0.200 0.100 0.267 0.167 0.267   11.4172 9.6535 7.5883
 29  30  0.100 0.033 0.433 0.333 0.100   10.5207 8.8134 6.6309
 30  30  0.233 0.267 0.200 0.067 0.233   11.7216 9.9869 7.8452
 31  30  0.167 0.300 0.200 0.133 0.200   11.7133 9.9601 7.8437
 32  30  0.067 0.133 0.367 0.167 0.267   10.9346 9.2690 7.2000
 33  30  0.167 0.067 0.333 0.167 0.267   11.4578 9.6474 7.4527
 34  30  0.267 0.067 0.267 0.233 0.167   11.9041 10.2081 8.2307
 35  30  0.133 0.167 0.300 0.133 0.267   12.1892 10.3381 8.0672
 36  30  0.167 0.100 0.200 0.100 0.433   11.1045 9.3829 7.1153
 37  30  0.167 0.200 0.200 0.167 0.267   11.1755 9.5299 7.4949
 38  30  0.133 0.300 0.100 0.200 0.267   12.0176 10.2857 8.2387
 39  30  0.167 0.200 0.200 0.100 0.333   11.7793 9.9010 7.5317
 40  30  0.233 0.033 0.200 0.267 0.267   11.0244 9.4316 7.4324
 41  30  0.200 0.133 0.200 0.200 0.267   11.6390 9.9808 8.0657
 42  30  0.167 0.267 0.267 0.167 0.133   12.0659 10.4558 8.4101
 43  30  0.167 0.300 0.200 0.200 0.133   11.7966 10.2854 8.3255
 44  30  0.100 0.167 0.200 0.367 0.167   11.3846 9.6914 7.3765
 45  30  0.100 0.100 0.200 0.300 0.300   10.7938 9.1310 7.0684
 46  30  0.133 0.133 0.267 0.167 0.300   11.9671 10.3233 8.2870
 47  30  0.100 0.167 0.100 0.267 0.367   11.3042 9.5763 7.5082
 48  30  0.200 0.233 0.200 0.233 0.133   12.0045 10.2630 8.2380
 49  30  0.200 0.333 0.167 0.167 0.133   11.9068 10.2271 8.1226
 50  30  0.200 0.167 0.133 0.233 0.267   10.8876 9.2194 7.2050
 51  30  0.133 0.200 0.100 0.267 0.300   10.8711 9.3327 7.2609
 52  30  0.100 0.167 0.100 0.233 0.400   11.0735 9.3278 7.1988
 53  30  0.233 0.133 0.267 0.067 0.300   11.2318 9.4556 7.2086
 54  30  0.133 0.033 0.300 0.200 0.333   11.3538 9.6375 7.4368
 55  30  0.167 0.167 0.167 0.200 0.300   11.9815 10.2133 8.0590
 56  30  0.133 0.100 0.133 0.267 0.367   11.2096 9.5491 7.3539
 57  30  0.267 0.067 0.133 0.367 0.167   11.3062 9.7377 7.5766
 58  30  0.100 0.100 0.100 0.333 0.367   10.7349 9.2357 7.1258
 59  30  0.267 0.167 0.133 0.200 0.233   11.2584 9.6322 7.6163
 60  30  0.200 0.167 0.300 0.100 0.233   11.0485 9.5256 7.3759
 61  30  0.200 0.200 0.167 0.200 0.233   10.9329 9.3893 7.3706
 62  30  0.300 0.100 0.200 0.200 0.200   11.7045 9.9903 7.9822
 63  30  0.167 0.033 0.267 0.067 0.467   11.6161 9.7376 7.5772
 64  30  0.200 0.133 0.300 0.067 0.300   11.2246 9.6133 7.3972
 65  30  0.267 0.167 0.233 0.133 0.200   11.1444 9.5152 7.7210
 66  30  0.200 0.167 0.167 0.167 0.300   11.5748 9.9710 7.8948
 67  30  0.200 0.267 0.167 0.167 0.200   12.0541 10.2683 8.2173
 68  30  0.167 0.033 0.300 0.200 0.300   11.0143 9.2783 7.1747
 69  30  0.067 0.333 0.333 0.133 0.133   11.5083 9.9175 7.7966
 70  30  0.200 0.100 0.367 0.200 0.133   11.8315 10.0731 7.9940
 71  30  0.100 0.133 0.300 0.200 0.267   11.1864 9.4544 7.1918
 72  30  0.100 0.100 0.233 0.267 0.300   11.3354 9.5840 7.4341
 73  30  0.067 0.267 0.233 0.033 0.400   11.1625 9.4073 7.3069
 74  30  0.200 0.200 0.167 0.200 0.233   11.1833 9.4286 7.2713
 75  30  0.200 0.200 0.233 0.267 0.100   10.9536 9.4421 7.5229
 76  30  0.033 0.100 0.367 0.267 0.233   11.1206 9.3110 7.0558
 77  30  0.133 0.133 0.167 0.267 0.300   10.4752 8.8593 6.7522
 78  30  0.300 0.200 0.200 0.100 0.200   11.5660 9.8648 7.8452
 79  30  0.167 0.100 0.300 0.200 0.233   11.1970 9.5795 7.6303
 80  30  0.233 0.133 0.133 0.133 0.367   11.2461 9.5474 7.4109
 81  30  0.267 0.267 0.133 0.133 0.200   11.9061 10.1482 8.1047
 82  30  0.167 0.067 0.333 0.167 0.267   10.9206 9.2122 7.1580
 83  30  0.267 0.167 0.133 0.267 0.167   11.9919 10.2522 8.2419
 84  30  0.133 0.100 0.133 0.300 0.333   11.3803 9.5270 7.4318
 85  30  0.133 0.067 0.233 0.200 0.367   11.0645 9.4165 7.4278
 86  30  0.100 0.233 0.233 0.200 0.233   10.8639 9.4732 7.5022
 87  30  0.133 0.067 0.167 0.133 0.500   11.1846 9.4335 7.2873
 88  30  0.100 0.167 0.233 0.200 0.300   11.8008 9.9597 7.7536
 89  30  0.467 0.133 0.100 0.033 0.267   11.7645 9.9585 7.7937
 90  30  0.233 0.167 0.167 0.133 0.300   11.1250 9.6331 7.7141
 91  30  0.233 0.100 0.133 0.200 0.333   11.5158 9.6409 7.4228
 92  30  0.167 0.133 0.200 0.200 0.300   11.2402 9.6966 7.6787
 93  30  0.267 0.200 0.167 0.133 0.233   11.6431 9.9405 7.7552
 94  30  0.200 0.133 0.133 0.200 0.333   11.7229 9.9059 7.7007
 95  30  0.100 0.200 0.300 0.133 0.267   10.9047 9.3071 7.1469
 96  30  0.167 0.033 0.233 0.267 0.300   10.9635 9.3503 7.2802
 97  30  0.100 0.133 0.233 0.067 0.467   11.4230 9.7149 7.5945
 98  30  0.100 0.200 0.267 0.267 0.167   11.4589 9.7411 7.6979
 99  30  0.067 0.133 0.300 0.167 0.333   10.9926 9.2092 7.1411
100  30  0.233 0.133 0.200 0.167 0.267   11.4962 9.8530 7.8945
---------------------------------------------------------------
AVG  30  0.173 0.153 0.214 0.189 0.271   11.4220 9.7288 7.6291
MIN  30  0.033 0.033 0.100 0.033 0.067   10.4752 8.8134 6.6309
MAX  30  0.467 0.333 0.433 0.367 0.500   12.2344 10.4558 8.4101

  # Samp Profile                         DE76    De94   DL
---------------------------------------------------------------
  1  90  0.156 0.167 0.200 0.233 0.244   11.0930 9.4124 6.7258
  2  90  0.156 0.144 0.222 0.244 0.233   13.5592 11.6944 9.4666
  3  90  0.178 0.122 0.256 0.189 0.256   10.8898 9.1691 7.0390
  4  90  0.156 0.144 0.244 0.189 0.267   11.5558 9.9103 7.6369
  5  90  0.233 0.133 0.211 0.167 0.256   11.8171 10.4644 8.9293
  6  90  0.189 0.133 0.178 0.244 0.256   13.0979 11.3132 9.2413
  7  90  0.156 0.156 0.256 0.167 0.267   11.8969 9.8967 7.4205
  8  90  0.189 0.244 0.167 0.156 0.244   11.1575 9.5338 7.2834
  9  90  0.111 0.133 0.222 0.200 0.333   10.5055 9.0980 6.6586
 10  90  0.078 0.167 0.256 0.133 0.367   10.0969 8.6330 7.0653
 11  90  0.167 0.156 0.222 0.133 0.322   12.8869 10.4752 8.3652
 12  90  0.122 0.144 0.256 0.233 0.244   15.9991 13.7553 11.4683
 13  90  0.156 0.133 0.233 0.189 0.289   9.2822 7.7369 5.2629
 14  90  0.178 0.122 0.233 0.144 0.322   12.3693 10.4937 8.1984
 15  90  0.144 0.133 0.167 0.267 0.289   10.2281 8.6999 6.8739
 16  90  0.167 0.133 0.322 0.222 0.156   9.6442 8.3885 6.7731
 17  90  0.144 0.200 0.167 0.156 0.333   15.7173 12.8036 10.2005
 18  90  0.133 0.133 0.233 0.211 0.289   8.6930 7.2861 5.8217
 19  90  0.111 0.111 0.222 0.278 0.278   13.0743 10.3054 7.8797
 20  90  0.233 0.144 0.189 0.222 0.211   12.9459 11.3714 9.8349
 21  90  0.111 0.178 0.244 0.144 0.322   12.3868 11.0464 9.0837
 22  90  0.167 0.122 0.289 0.089 0.333   10.3822 8.8479 6.5956
 23  90  0.144 0.111 0.189 0.256 0.300   11.6578 10.3568 8.3707
 24  90  0.144 0.178 0.189 0.244 0.244   12.7369 10.7405 8.4838
 25  90  0.256 0.178 0.244 0.111 0.211   12.5163 10.9550 8.4913
 26  90  0.133 0.178 0.289 0.144 0.256   12.9681 10.4691 7.4860
 27  90  0.189 0.144 0.222 0.156 0.289   11.9432 10.2778 8.2342
 28  90  0.156 0.156 0.278 0.189 0.222   12.4374 11.0320 8.7487
 29  90  0.144 0.067 0.267 0.300 0.222   10.5269 9.0756 7.3447
 30  90  0.233 0.133 0.211 0.178 0.244   15.7676 14.2108 11.7835
 31  90  0.189 0.100 0.167 0.244 0.300   11.4126 10.1413 8.1012
 32  90  0.133 0.144 0.278 0.144 0.300   9.4879 8.6117 7.5228
 33  90  0.144 0.189 0.289 0.122 0.256   10.4472 9.5972 8.2301
 34  90  0.156 0.144 0.200 0.211 0.289   8.3239 7.0585 5.2515
 35  90  0.156 0.100 0.211 0.222 0.311   10.8298 9.0691 6.4329
 36  90  0.133 0.156 0.133 0.189 0.389   10.5464 8.9469 6.9035
 37  90  0.189 0.144 0.289 0.156 0.222   10.3937 8.5705 6.3599
 38  90  0.156 0.100 0.222 0.178 0.344   9.0233 7.7084 5.8466
 39  90  0.167 0.111 0.178 0.256 0.289   11.3541 10.1853 8.8483
 40  90  0.144 0.178 0.189 0.111 0.378   13.0216 11.8340 9.7521
 41  90  0.122 0.133 0.278 0.178 0.289   10.3748 9.1702 7.5739
 42  90  0.133 0.133 0.256 0.211 0.267   9.8492 8.7053 7.1341
 43  90  0.067 0.189 0.311 0.211 0.222   9.7532 8.3911 6.8014
 44  90  0.178 0.144 0.167 0.233 0.278   13.5221 11.5861 9.2373
 45  90  0.156 0.156 0.178 0.233 0.278   11.1997 9.2657 6.7901
 46  90  0.133 0.133 0.222 0.189 0.322   14.5849 13.0531 10.1892
 47  90  0.189 0.211 0.233 0.167 0.200   10.7321 9.6403 7.5642
 48  90  0.167 0.189 0.278 0.144 0.222   11.1353 9.7687 7.9489
 49  90  0.122 0.244 0.244 0.133 0.256   12.5888 10.7777 7.8485
 50  90  0.267 0.167 0.133 0.178 0.256   11.2876 9.7502 7.3765
 51  90  0.133 0.156 0.222 0.178 0.311   10.1720 8.4784 5.9415
 52  90  0.200 0.100 0.211 0.122 0.367   8.1674 7.4469 6.3753
 53  90  0.133 0.144 0.244 0.244 0.233   8.8693 7.5184 5.7020
 54  90  0.133 0.156 0.244 0.167 0.300   14.0323 12.5145 10.0320
 55  90  0.200 0.122 0.167 0.178 0.333   10.1373 8.3265 6.1478
 56  90  0.133 0.256 0.222 0.122 0.267   12.2284 10.5942 9.0311
 57  90  0.178 0.178 0.144 0.211 0.289   11.4882 9.2330 7.4261
 58  90  0.189 0.122 0.167 0.233 0.289   12.4457 9.7036 6.7895
 59  90  0.222 0.167 0.122 0.189 0.300   11.3253 9.8208 7.9603
 60  90  0.189 0.167 0.222 0.211 0.211   15.9395 13.6327 10.7178
 61  90  0.167 0.144 0.222 0.144 0.322   10.8290 9.0488 7.4577
 62  90  0.167 0.100 0.256 0.189 0.289   9.9767 9.0258 7.3472
 63  90  0.100 0.211 0.156 0.178 0.356   11.7762 9.5035 6.2630
 64  90  0.133 0.133 0.256 0.211 0.267   11.4125 9.8505 8.0217
 65  90  0.200 0.122 0.233 0.222 0.222   11.2354 9.7994 7.7957
 66  90  0.144 0.122 0.244 0.189 0.300   8.9793 7.6760 6.1589
 67  90  0.167 0.144 0.189 0.233 0.267   14.8639 13.0172 10.7056
 68  90  0.122 0.200 0.200 0.233 0.244   10.4939 9.3356 7.7305
 69  90  0.167 0.200 0.222 0.144 0.267   12.9272 10.7468 8.3926
 70  90  0.167 0.222 0.244 0.111 0.256   10.9318 9.3928 7.3743
 71  90  0.189 0.144 0.189 0.200 0.278   11.6202 10.3288 8.7444
 72  90  0.200 0.133 0.233 0.211 0.222   11.0277 9.4427 7.5570
 73  90  0.156 0.144 0.178 0.178 0.344   12.9724 10.6759 8.4233
 74  90  0.144 0.200 0.200 0.178 0.278   10.7665 9.9605 8.6968
 75  90  0.167 0.178 0.100 0.278 0.278   14.7134 12.5293 10.1031
 76  90  0.178 0.156 0.144 0.256 0.267   11.8822 9.1434 7.0622
 77  90  0.211 0.167 0.133 0.156 0.333   12.0292 10.8762 9.5819
 78  90  0.233 0.222 0.167 0.189 0.189   10.1230 8.4576 6.0629
 79  90  0.156 0.133 0.167 0.267 0.278   11.5854 9.7474 6.1885
 80  90  0.133 0.211 0.167 0.211 0.278   12.4797 9.8789 7.9568
 81  90  0.156 0.211 0.178 0.144 0.311   14.5085 12.3339 10.0510
 82  90  0.167 0.200 0.222 0.156 0.256   9.7580 8.6174 6.6980
 83  90  0.189 0.133 0.200 0.211 0.267   10.6219 9.2233 7.1729
 84  90  0.167 0.200 0.167 0.211 0.256   11.5297 9.6656 7.2875
 85  90  0.156 0.156 0.256 0.111 0.322   8.6391 7.4590 6.1180
 86  90  0.189 0.156 0.211 0.133 0.311   13.2934 10.8610 8.6007
 87  90  0.167 0.167 0.222 0.133 0.311   8.9613 7.5944 5.6761
 88  90  0.267 0.122 0.167 0.156 0.289   12.7387 10.9844 8.4460
 89  90  0.189 0.122 0.211 0.211 0.267   9.4527 8.3532 6.9599
 90  90  0.189 0.133 0.189 0.133 0.356   13.7146 11.2736 9.4369
 91  90  0.156 0.156 0.189 0.233 0.267   11.7308 9.9958 7.6603
 92  90  0.100 0.133 0.244 0.233 0.289   11.3991 10.5205 9.2903
 93  90  0.122 0.178 0.244 0.178 0.278   11.3011 9.5132 7.9224
 94  90  0.156 0.156 0.222 0.156 0.311   11.0268 9.9102 8.5686
 95  90  0.133 0.244 0.167 0.233 0.222   9.8165 7.4074 5.5815
 96  90  0.111 0.100 0.156 0.267 0.367   11.0993 9.3612 7.2939
 97  90  0.244 0.200 0.144 0.200 0.211   11.4989 9.2667 7.0104
 98  90  0.189 0.189 0.211 0.122 0.289   10.4722 8.7643 5.8985
 99  90  0.233 0.122 0.256 0.133 0.256   13.3151 11.8773 10.2575
100  90  0.178 0.189 0.211 0.144 0.278   14.3336 12.0663 8.6877
---------------------------------------------------------------
AVG  90  0.164 0.156 0.213 0.188 0.279   11.5634 9.9004 7.8285
MIN  90  0.067 0.067 0.100 0.089 0.156   8.1674 7.0585 5.2515
MAX  90  0.267 0.256 0.322 0.300 0.389   15.9991 14.2108 11.7835

