  # Samp Profile                         DE76    De94   DL
---------------------------------------------------------------
  1   1  0.000 0.000 0.000 1.000 0.000   13.0517 10.1416 7.3144
  2   1  0.000 0.000 1.000 0.000 0.000   13.8148 10.9767 8.3445
  3   1  1.000 0.000 0.000 0.000 0.000   15.5633 12.7772 10.5197
  4   1  0.000 0.000 0.000 0.000 1.000   13.0108 10.0907 7.2754
  5   1  0.000 0.000 0.000 1.000 0.000   13.2292 10.2491 7.4242
  6   1  0.000 0.000 0.000 1.000 0.000   13.2153 10.2481 7.4334
  7   1  0.000 0.000 0.000 1.000 0.000   13.1626 10.1765 7.3372
  8   1  0.000 0.000 0.000 1.000 0.000   13.2101 10.2224 7.3848
  9   1  0.000 0.000 0.000 1.000 0.000   13.1239 10.1997 7.3852
 10   1  1.000 0.000 0.000 0.000 0.000   15.5629 12.7373 10.3988
 11   1  0.000 0.000 0.000 0.000 1.000   13.0381 10.0520 7.1735
 12   1  0.000 0.000 1.000 0.000 0.000   13.8365 10.9853 8.3571
 13   1  0.000 0.000 0.000 0.000 1.000   13.0857 10.1028 7.2261
 14   1  0.000 0.000 1.000 0.000 0.000   13.7233 10.9982 8.4742
 15   1  0.000 0.000 0.000 1.000 0.000   13.1662 10.2206 7.4218
 16   1  0.000 0.000 0.000 0.000 1.000   12.9985 10.0629 7.2170
 17   1  0.000 0.000 0.000 0.000 1.000   12.9601 9.9891 7.1292
 18   1  1.000 0.000 0.000 0.000 0.000   15.6666 12.8284 10.5096
 19   1  0.000 0.000 0.000 0.000 1.000   13.0358 10.0648 7.2026
 20   1  0.000 0.000 1.000 0.000 0.000   13.8190 11.0095 8.4042
 21   1  0.000 0.000 1.000 0.000 0.000   13.8070 10.9454 8.3070
 22   1  0.000 0.000 0.000 1.000 0.000   13.1909 10.2334 7.4137
 23   1  0.000 0.000 0.000 0.000 1.000   12.9889 10.0563 7.2495
 24   1  0.000 0.000 0.000 1.000 0.000   13.2142 10.2247 7.3975
 25   1  0.000 0.000 0.000 0.000 1.000   13.0381 10.0520 7.1735
 26   1  0.000 0.000 0.000 1.000 0.000   13.1954 10.2299 7.4140
 27   1  0.000 1.000 0.000 0.000 0.000   13.9389 10.8929 8.1296
 28   1  1.000 0.000 0.000 0.000 0.000   15.6413 12.7819 10.4391
 29   1  0.000 0.000 1.000 0.000 0.000   13.8999 11.0462 8.4185
 30   1  0.000 0.000 0.000 1.000 0.000   13.1501 10.1757 7.3418
 31   1  0.000 0.000 1.000 0.000 0.000   13.8729 11.0202 8.3904
 32   1  0.000 0.000 0.000 0.000 1.000   13.0121 10.0435 7.1722
 33   1  0.000 0.000 1.000 0.000 0.000   13.8284 10.9818 8.3492
 34   1  0.000 0.000 0.000 0.000 1.000   13.0381 10.0520 7.1735
 35   1  0.000 0.000 1.000 0.000 0.000   13.8752 11.0519 8.4409
 36   1  0.000 1.000 0.000 0.000 0.000   13.9667 10.9262 8.1868
 37   1  0.000 0.000 1.000 0.000 0.000   13.9460 11.0928 8.4660
 38   1  0.000 0.000 1.000 0.000 0.000   13.8252 10.9765 8.3698
 39   1  0.000 0.000 1.000 0.000 0.000   13.8802 11.0249 8.4003
 40   1  0.000 1.000 0.000 0.000 0.000   13.9076 10.8978 8.1506
 41   1  1.000 0.000 0.000 0.000 0.000   15.6413 12.7819 10.4391
 42   1  0.000 0.000 1.000 0.000 0.000   13.8470 11.0371 8.4414
 43   1  0.000 0.000 0.000 0.000 1.000   13.0338 10.0830 7.2349
 44   1  1.000 0.000 0.000 0.000 0.000   15.6376 12.7842 10.4503
 45   1  0.000 0.000 1.000 0.000 0.000   13.8415 11.0492 8.4474
 46   1  0.000 0.000 0.000 1.000 0.000   13.0972 10.1402 7.3256
 47   1  0.000 0.000 0.000 0.000 1.000   13.0277 10.0876 7.2363
 48   1  1.000 0.000 0.000 0.000 0.000   15.7047 12.8448 10.5011
 49   1  0.000 0.000 0.000 1.000 0.000   13.0977 10.1845 7.3909
 50   1  0.000 0.000 1.000 0.000 0.000   13.8362 10.9947 8.3872
 51   1  0.000 0.000 1.000 0.000 0.000   13.8998 11.0479 8.4238
 52   1  0.000 0.000 0.000 0.000 1.000   12.9742 10.0018 7.1364
 53   1  0.000 0.000 0.000 1.000 0.000   13.0798 10.1168 7.2865
 54   1  0.000 0.000 0.000 0.000 1.000   13.0657 10.1216 7.2748
 55   1  0.000 0.000 0.000 1.000 0.000   13.1224 10.1554 7.3333
 56   1  0.000 0.000 1.000 0.000 0.000   13.7854 10.9754 8.3927
 57   1  0.000 0.000 1.000 0.000 0.000   13.7233 10.9982 8.4742
 58   1  0.000 0.000 1.000 0.000 0.000   13.8419 11.0018 8.4036
 59   1  0.000 0.000 1.000 0.000 0.000   13.8252 10.9765 8.3698
 60   1  0.000 0.000 0.000 0.000 1.000   13.0845 10.1162 7.2653
 61   1  0.000 0.000 1.000 0.000 0.000   13.8729 11.0318 8.4077
 62   1  0.000 0.000 0.000 1.000 0.000   13.0972 10.1402 7.3256
 63   1  0.000 1.000 0.000 0.000 0.000   13.7784 10.7786 8.2095
 64   1  0.000 1.000 0.000 0.000 0.000   13.8544 10.8677 8.1338
 65   1  0.000 0.000 1.000 0.000 0.000   13.8531 11.0224 8.4149
 66   1  0.000 0.000 0.000 1.000 0.000   13.0977 10.1845 7.3909
 67   1  0.000 0.000 1.000 0.000 0.000   13.8531 11.0224 8.4149
 68   1  0.000 0.000 0.000 0.000 1.000   13.1127 10.1340 7.2679
 69   1  0.000 1.000 0.000 0.000 0.000   13.9736 10.9262 8.1642
 70   1  0.000 0.000 1.000 0.000 0.000   13.8455 11.0447 8.4403
 71   1  0.000 1.000 0.000 0.000 0.000   13.9445 10.9050 8.1453
 72   1  0.000 1.000 0.000 0.000 0.000   13.9666 10.9194 8.1614
 73   1  0.000 0.000 0.000 0.000 1.000   13.0637 10.1260 7.2858
 74   1  1.000 0.000 0.000 0.000 0.000   15.6520 12.8029 10.4608
 75   1  1.000 0.000 0.000 0.000 0.000   15.6426 12.7931 10.4592
 76   1  0.000 0.000 0.000 0.000 1.000   13.1081 10.1242 7.2539
 77   1  1.000 0.000 0.000 0.000 0.000   15.6448 12.7943 10.4564
 78   1  0.000 1.000 0.000 0.000 0.000   13.9123 10.8959 8.1708
 79   1  0.000 0.000 1.000 0.000 0.000   13.8252 10.9765 8.3698
 80   1  1.000 0.000 0.000 0.000 0.000   15.6326 12.8039 10.4867
 81   1  0.000 0.000 0.000 0.000 1.000   13.0322 10.0505 7.1766
 82   1  1.000 0.000 0.000 0.000 0.000   15.6569 12.8014 10.4587
 83   1  1.000 0.000 0.000 0.000 0.000   15.6571 12.8245 10.5114
 84   1  0.000 0.000 1.000 0.000 0.000   13.9178 11.0574 8.4234
 85   1  0.000 0.000 0.000 1.000 0.000   13.1037 10.1314 7.3145
 86   1  0.000 0.000 0.000 0.000 1.000   13.0857 10.1106 7.2529
 87   1  0.000 0.000 0.000 1.000 0.000   13.2328 10.2432 7.4057
 88   1  0.000 0.000 0.000 1.000 0.000   13.2292 10.2491 7.4242
 89   1  0.000 0.000 0.000 0.000 1.000   13.1081 10.1242 7.2539
 90   1  0.000 0.000 0.000 0.000 1.000   13.0683 10.0933 7.2248
 91   1  0.000 0.000 0.000 0.000 1.000   13.0759 10.0963 7.2364
 92   1  0.000 0.000 0.000 1.000 0.000   13.0920 10.1311 7.2957
 93   1  0.000 0.000 1.000 0.000 0.000   13.9202 11.0709 8.4515
 94   1  0.000 0.000 0.000 0.000 1.000   13.1106 10.1364 7.2767
 95   1  0.000 0.000 0.000 0.000 1.000   13.0381 10.0520 7.1735
 96   1  0.000 0.000 0.000 0.000 1.000   13.0711 10.0977 7.2632
 97   1  1.000 0.000 0.000 0.000 0.000   15.7109 12.8557 10.5201
 98   1  0.000 0.000 0.000 1.000 0.000   13.1654 10.1829 7.3759
 99   1  0.000 0.000 1.000 0.000 0.000   13.8148 10.9767 8.3445
100   1  0.000 0.000 1.000 0.000 0.000   13.9262 11.0896 8.4743
---------------------------------------------------------------
AVG   1  0.140 0.090 0.290 0.220 0.260   13.7441 10.8301 8.1381
MIN   1  0.000 0.000 0.000 0.000 0.000   12.9601 9.9891 7.1292
MAX   1  1.000 1.000 1.000 1.000 1.000   15.7109 12.8557 10.5201

  # Samp Profile                         DE76    De94   DL
---------------------------------------------------------------
  1   3  0.000 0.000 0.000 0.667 0.333   13.1397 10.1744 7.3302
  2   3  0.000 0.667 0.000 0.000 0.333   13.3735 10.3873 7.6105
  3   3  0.000 0.000 0.000 0.000 1.000   13.2120 10.1960 7.2889
  4   3  0.667 0.000 0.000 0.333 0.000   14.5718 11.6531 9.1602
  5   3  0.000 0.333 0.667 0.000 0.000   13.5134 10.7562 8.2788
  6   3  0.000 0.667 0.000 0.000 0.333   13.2663 10.3178 7.4822
  7   3  0.000 1.000 0.000 0.000 0.000   13.8762 10.8338 8.0560
  8   3  0.000 0.000 0.000 0.333 0.667   12.9953 9.9827 7.0964
  9   3  0.000 0.333 0.333 0.333 0.000   13.4629 10.5881 7.8662
 10   3  0.333 0.000 0.333 0.000 0.333   13.7771 10.9147 8.2600
 11   3  0.000 0.333 0.000 0.333 0.333   13.1579 10.1415 7.2974
 12   3  0.000 0.000 0.000 0.000 1.000   12.8956 9.9800 7.1039
 13   3  0.000 0.000 0.333 0.333 0.333   12.9636 10.0683 7.4800
 14   3  0.667 0.000 0.000 0.000 0.333   14.1895 11.3427 8.8038
 15   3  0.000 0.000 0.667 0.000 0.333   13.4554 10.5415 7.8010
 16   3  0.000 0.000 0.667 0.000 0.333   13.3890 10.4709 7.6842
 17   3  0.333 0.333 0.000 0.000 0.333   13.7132 10.7591 8.0470
 18   3  0.000 0.333 0.333 0.000 0.333   13.2673 10.3309 7.5349
 19   3  0.000 0.333 0.000 0.333 0.333   13.1837 10.1882 7.3520
 20   3  0.000 0.000 0.000 0.333 0.667   13.1513 10.1219 7.2246
 21   3  0.333 0.333 0.000 0.333 0.000   13.8327 10.9791 8.3892
 22   3  0.333 0.000 0.333 0.000 0.333   13.4851 10.8095 8.2835
 23   3  0.333 0.000 0.333 0.000 0.333   13.6103 10.7096 8.0482
 24   3  0.333 0.000 0.333 0.000 0.333   13.6407 10.7605 8.0915
 25   3  0.000 0.000 0.000 0.000 1.000   13.0042 9.9945 7.0952
 26   3  0.333 0.333 0.000 0.000 0.333   13.5089 10.6776 8.0030
 27   3  0.000 0.333 0.000 0.333 0.333   13.3320 10.2881 7.3972
 28   3  0.000 0.333 0.000 0.000 0.667   13.1153 10.1216 7.2379
 29   3  0.000 0.000 0.667 0.000 0.333   13.4259 10.5131 7.7684
 30   3  0.333 0.000 0.000 0.333 0.333   13.5133 10.5873 7.8599
 31   3  0.333 0.000 0.333 0.333 0.000   13.9213 11.0137 8.4280
 32   3  0.333 0.000 0.333 0.000 0.333   13.6522 10.7812 8.1086
 33   3  0.000 0.000 0.667 0.000 0.333   13.3195 10.3564 7.5508
 34   3  0.000 0.333 0.667 0.000 0.000   13.6542 10.7786 8.1716
 35   3  0.000 0.000 0.333 0.333 0.333   12.9199 10.0463 7.3126
 36   3  0.333 0.000 0.667 0.000 0.000   14.4481 11.5850 9.0490
 37   3  0.000 0.000 0.667 0.000 0.333   13.4210 10.4905 7.7596
 38   3  0.000 0.000 0.667 0.000 0.333   13.4632 10.5025 7.7000
 39   3  0.333 0.333 0.333 0.000 0.000   14.1863 11.3206 8.7916
 40   3  0.333 0.667 0.000 0.000 0.000   14.4014 11.3990 8.8284
 41   3  0.000 0.333 0.000 0.000 0.667   13.2180 10.1691 7.2867
 42   3  0.333 0.000 0.333 0.000 0.333   13.5547 10.7089 8.0290
 43   3  0.333 0.000 0.000 0.333 0.333   13.4323 10.5134 7.7762
 44   3  0.333 0.333 0.000 0.000 0.333   13.5654 10.6712 7.9762
 45   3  0.333 0.000 0.333 0.000 0.333   13.3985 10.5641 8.0879
 46   3  0.333 0.000 0.333 0.000 0.333   13.6540 10.7338 8.0696
 47   3  0.000 0.000 0.333 0.000 0.667   13.0374 10.0409 7.1910
 48   3  0.000 0.333 0.333 0.000 0.333   13.3155 10.3081 7.4875
 49   3  0.667 0.000 0.333 0.000 0.000   15.0276 12.1874 9.7724
 50   3  0.333 0.000 0.333 0.333 0.000   13.8542 11.0284 8.4780
 51   3  0.000 0.000 1.000 0.000 0.000   13.8801 11.0446 8.4194
 52   3  0.000 0.333 0.333 0.333 0.000   13.4388 10.6064 7.9736
 53   3  0.000 0.000 0.667 0.333 0.000   13.6532 10.7088 8.0085
 54   3  0.000 0.333 0.333 0.000 0.333   13.3240 10.3697 7.5993
 55   3  0.000 0.333 0.000 0.333 0.333   13.2609 10.2259 7.3269
 56   3  0.000 0.333 0.000 0.000 0.667   12.9711 10.0010 7.1774
 57   3  0.333 0.000 0.000 0.667 0.000   13.6085 10.7580 8.1430
 58   3  0.000 0.000 0.333 0.333 0.333   13.0914 10.1427 7.3496
 59   3  0.000 0.333 0.333 0.333 0.000   13.4888 10.5988 7.8981
 60   3  0.000 0.667 0.000 0.000 0.333   13.3119 10.2694 7.3909
 61   3  0.000 0.667 0.000 0.000 0.333   13.4403 10.4223 7.5475
 62   3  0.333 0.000 0.667 0.000 0.000   14.3412 11.5729 9.1245
 63   3  0.000 0.333 0.667 0.000 0.000   13.6056 10.7205 8.1290
 64   3  0.000 0.000 0.333 0.667 0.000   13.2647 10.4108 7.6698
 65   3  0.333 0.333 0.000 0.333 0.000   14.0277 11.0941 8.4608
 66   3  0.667 0.000 0.333 0.000 0.000   14.9692 12.1401 9.7275
 67   3  0.000 0.333 0.333 0.333 0.000   13.4716 10.5597 7.8190
 68   3  0.000 0.000 0.000 1.000 0.000   13.0279 10.2075 7.4939
 69   3  0.000 1.000 0.000 0.000 0.000   13.8942 10.8829 8.1654
 70   3  0.000 0.333 0.333 0.000 0.333   13.4963 10.4970 7.6831
 71   3  0.333 0.333 0.333 0.000 0.000   14.3041 11.3725 8.8556
 72   3  0.000 0.000 0.000 0.667 0.333   13.1925 10.1631 7.2970
 73   3  0.000 0.333 0.333 0.000 0.333   13.3820 10.4184 7.6725
 74   3  0.000 0.000 0.000 0.667 0.333   12.9534 9.9963 7.1351
 75   3  0.333 0.000 0.000 0.333 0.333   13.3470 10.4698 7.8021
 76   3  0.000 0.000 0.333 0.000 0.667   13.0562 10.1642 7.3296
 77   3  0.667 0.000 0.000 0.000 0.333   13.9784 11.2032 8.7238
 78   3  0.333 0.000 0.667 0.000 0.000   14.5017 11.6517 9.1776
 79   3  0.000 0.000 0.333 0.333 0.333   13.2164 10.2514 7.4749
 80   3  0.000 0.000 0.667 0.333 0.000   13.5246 10.6124 7.9006
 81   3  0.333 0.000 0.000 0.333 0.333   13.4908 10.5465 7.8174
 82   3  0.000 0.333 0.333 0.333 0.000   13.4858 10.5316 7.8205
 83   3  0.333 0.333 0.000 0.000 0.333   13.5881 10.6797 8.0330
 84   3  0.000 0.333 0.333 0.000 0.333   13.2196 10.3104 7.5050
 85   3  0.000 0.333 0.000 0.000 0.667   13.0436 10.0006 7.0931
 86   3  0.000 0.000 0.667 0.000 0.333   13.3020 10.4268 7.6748
 87   3  0.333 0.000 0.000 0.000 0.667   13.1713 10.2750 7.5228
 88   3  0.667 0.000 0.000 0.000 0.333   14.1478 11.3639 8.8610
 89   3  0.333 0.000 0.333 0.000 0.333   13.7033 10.8895 8.2611
 90   3  0.333 0.000 0.000 0.333 0.333   13.4031 10.5577 7.9085
 91   3  0.000 0.000 0.000 0.667 0.333   13.2077 10.2288 7.3863
 92   3  0.000 0.333 0.333 0.333 0.000   13.4861 10.6043 7.9002
 93   3  0.000 0.333 0.333 0.333 0.000   13.5902 10.6670 8.0130
 94   3  0.000 0.000 0.000 0.000 1.000   13.0480 10.0985 7.2368
 95   3  0.000 0.000 1.000 0.000 0.000   13.7421 10.9924 8.4892
 96   3  0.000 0.333 0.000 0.667 0.000   13.2234 10.2583 7.4856
 97   3  0.000 0.000 0.667 0.000 0.333   13.2339 10.3827 7.6390
 98   3  0.000 0.000 0.667 0.333 0.000   13.5210 10.5922 7.8614
 99   3  0.333 0.333 0.000 0.333 0.000   14.0727 11.0997 8.4637
100   3  0.000 0.333 0.667 0.000 0.000   13.7758 10.9086 8.2682
---------------------------------------------------------------
AVG   3  0.143 0.170 0.257 0.160 0.270   13.5295 10.6134 7.9050
MIN   3  0.000 0.000 0.000 0.000 0.000   12.8956 9.9800 7.0931
MAX   3  0.667 1.000 1.000 1.000 1.000   15.0276 12.1874 9.7724

  # Samp Profile                         DE76    De94   DL
---------------------------------------------------------------
  1  10  0.000 0.100 0.200 0.300 0.400   13.0986 10.2022 7.3721
  2  10  0.100 0.200 0.400 0.000 0.300   13.7720 10.7844 8.0232
  3  10  0.100 0.500 0.100 0.100 0.200   13.3740 10.5369 7.8443
  4  10  0.300 0.200 0.100 0.100 0.300   13.7408 10.7005 7.8878
  5  10  0.300 0.100 0.400 0.100 0.100   14.2242 11.2904 8.6588
  6  10  0.000 0.200 0.400 0.200 0.200   13.4355 10.5489 7.7231
  7  10  0.100 0.200 0.200 0.100 0.400   13.4348 10.4230 7.5895
  8  10  0.000 0.100 0.100 0.400 0.400   12.8101 9.9476 7.3575
  9  10  0.100 0.100 0.200 0.100 0.500   13.3675 10.4132 7.6309
 10  10  0.300 0.200 0.400 0.100 0.000   14.1811 11.2293 8.6658
 11  10  0.200 0.200 0.100 0.100 0.400   13.1708 10.2802 7.5762
 12  10  0.100 0.000 0.700 0.000 0.200   13.3721 10.6821 8.0714
 13  10  0.300 0.100 0.200 0.100 0.300   12.8777 10.2708 7.8855
 14  10  0.300 0.000 0.300 0.200 0.200   13.2905 10.5608 8.0010
 15  10  0.000 0.100 0.700 0.100 0.100   13.6966 10.6872 7.8945
 16  10  0.400 0.100 0.100 0.100 0.300   13.4891 10.5537 8.0438
 17  10  0.400 0.200 0.100 0.200 0.100   13.9854 11.0399 8.4043
 18  10  0.400 0.000 0.200 0.000 0.400   13.4689 10.7985 8.2846
 19  10  0.000 0.100 0.500 0.100 0.300   13.2575 10.3945 7.6335
 20  10  0.100 0.000 0.300 0.200 0.400   13.4863 10.4623 7.6409
 21  10  0.100 0.300 0.400 0.100 0.100   13.5073 10.6337 8.0072
 22  10  0.100 0.200 0.300 0.100 0.300   13.3114 10.5234 7.8183
 23  10  0.200 0.000 0.100 0.200 0.500   13.2224 10.2766 7.4360
 24  10  0.000 0.300 0.100 0.300 0.300   13.5172 10.4385 7.4856
 25  10  0.400 0.000 0.400 0.000 0.200   14.1639 11.2153 8.5846
 26  10  0.100 0.100 0.400 0.200 0.200   13.3326 10.5279 7.8177
 27  10  0.100 0.200 0.200 0.200 0.300   13.3044 10.2681 7.3881
 28  10  0.300 0.100 0.100 0.100 0.400   13.4546 10.4800 7.6481
 29  10  0.300 0.000 0.300 0.200 0.200   13.7431 10.7629 8.0329
 30  10  0.100 0.200 0.200 0.300 0.200   13.5600 10.6085 7.7999
 31  10  0.400 0.100 0.200 0.100 0.200   13.8741 11.0869 8.5444
 32  10  0.100 0.100 0.200 0.100 0.500   13.0120 10.1461 7.3987
 33  10  0.000 0.100 0.200 0.000 0.700   13.1540 10.1881 7.2945
 34  10  0.100 0.200 0.200 0.400 0.100   13.6104 10.7471 8.1538
 35  10  0.300 0.100 0.100 0.300 0.200   13.6887 10.7501 8.0088
 36  10  0.300 0.300 0.300 0.000 0.100   13.8461 10.9516 8.3314
 37  10  0.200 0.200 0.500 0.100 0.000   14.0734 11.2182 8.6180
 38  10  0.100 0.200 0.100 0.300 0.300   13.4256 10.5019 7.7764
 39  10  0.300 0.100 0.300 0.100 0.200   13.4853 10.6643 8.1625
 40  10  0.200 0.100 0.400 0.200 0.100   13.6974 10.7869 8.1309
 41  10  0.300 0.000 0.100 0.100 0.500   13.4121 10.4855 7.6478
 42  10  0.200 0.300 0.200 0.100 0.200   13.3689 10.4874 7.9028
 43  10  0.300 0.000 0.100 0.300 0.300   13.3457 10.4239 7.6674
 44  10  0.100 0.200 0.200 0.000 0.500   13.3096 10.3670 7.5554
 45  10  0.000 0.000 0.300 0.200 0.500   13.3592 10.4137 7.5843
 46  10  0.200 0.200 0.200 0.200 0.200   13.3124 10.5436 7.9388
 47  10  0.100 0.100 0.400 0.100 0.300   13.3342 10.3585 7.5473
 48  10  0.200 0.100 0.100 0.200 0.400   12.8313 10.0310 7.4698
 49  10  0.200 0.200 0.300 0.100 0.200   13.6419 10.7762 8.2122
 50  10  0.000 0.100 0.500 0.100 0.300   13.0066 10.0814 7.5537
 51  10  0.100 0.500 0.000 0.300 0.100   13.7643 10.7689 7.9239
 52  10  0.100 0.100 0.300 0.300 0.200   13.4610 10.5411 7.8507
 53  10  0.100 0.100 0.300 0.000 0.500   13.3445 10.4621 7.7142
 54  10  0.300 0.100 0.200 0.100 0.300   13.7675 10.7859 8.0550
 55  10  0.200 0.300 0.300 0.000 0.200   13.5488 10.7159 8.1592
 56  10  0.000 0.300 0.100 0.200 0.400   13.1478 10.0525 7.3002
 57  10  0.300 0.100 0.300 0.000 0.300   13.8456 10.9551 8.3121
 58  10  0.200 0.400 0.000 0.300 0.100   13.6215 10.7536 8.0904
 59  10  0.200 0.400 0.000 0.300 0.100   13.6124 10.6137 7.8786
 60  10  0.200 0.300 0.400 0.000 0.100   13.9852 10.9537 8.2719
 61  10  0.100 0.300 0.300 0.000 0.300   13.4037 10.5200 7.7963
 62  10  0.200 0.300 0.100 0.200 0.200   13.5597 10.5526 7.9114
 63  10  0.200 0.200 0.000 0.400 0.200   13.6898 10.7026 7.9806
 64  10  0.000 0.100 0.400 0.000 0.500   13.3090 10.3104 7.5049
 65  10  0.100 0.300 0.200 0.200 0.200   13.4675 10.4283 7.6159
 66  10  0.100 0.300 0.300 0.200 0.100   13.4599 10.5397 7.7626
 67  10  0.200 0.100 0.400 0.100 0.200   13.8717 10.9909 8.3062
 68  10  0.200 0.200 0.200 0.200 0.200   13.2921 10.3413 7.5809
 69  10  0.100 0.300 0.400 0.200 0.000   13.6113 10.7219 8.0430
 70  10  0.100 0.200 0.300 0.200 0.200   13.4601 10.5584 8.0162
 71  10  0.200 0.100 0.100 0.100 0.500   13.3369 10.3686 7.5096
 72  10  0.000 0.200 0.500 0.200 0.100   13.5269 10.5719 7.8887
 73  10  0.300 0.200 0.200 0.200 0.100   13.7485 10.9159 8.2290
 74  10  0.000 0.200 0.200 0.200 0.400   13.1172 10.1456 7.2797
 75  10  0.000 0.200 0.300 0.300 0.200   13.2015 10.2004 7.3527
 76  10  0.100 0.200 0.500 0.100 0.100   13.4288 10.5698 7.8674
 77  10  0.100 0.000 0.400 0.500 0.000   13.2090 10.3664 7.6941
 78  10  0.200 0.000 0.400 0.300 0.100   13.5202 10.6396 7.9629
 79  10  0.100 0.100 0.200 0.200 0.400   13.3725 10.4476 7.6260
 80  10  0.100 0.200 0.100 0.300 0.300   12.9328 10.1229 7.3881
 81  10  0.200 0.100 0.300 0.200 0.200   13.5067 10.6126 8.1019
 82  10  0.200 0.000 0.500 0.000 0.300   13.5130 10.5399 7.8311
 83  10  0.100 0.100 0.200 0.200 0.400   13.6645 10.5977 7.7144
 84  10  0.400 0.100 0.300 0.200 0.000   14.1616 11.2837 8.8423
 85  10  0.200 0.100 0.100 0.100 0.500   12.9777 10.3057 7.7073
 86  10  0.200 0.200 0.300 0.300 0.000   13.9965 10.9764 8.2571
 87  10  0.200 0.200 0.400 0.200 0.000   13.8358 11.1196 8.6089
 88  10  0.400 0.200 0.200 0.000 0.200   13.8308 11.1663 8.6728
 89  10  0.100 0.000 0.300 0.000 0.600   13.3757 10.4065 7.6292
 90  10  0.200 0.100 0.600 0.000 0.100   13.6722 10.8347 8.1350
 91  10  0.200 0.300 0.200 0.100 0.200   13.4863 10.5800 7.8560
 92  10  0.300 0.100 0.200 0.200 0.200   13.7476 10.7538 8.0275
 93  10  0.300 0.100 0.400 0.000 0.200   13.8174 11.0389 8.4722
 94  10  0.400 0.000 0.400 0.000 0.200   14.1527 11.3402 8.7955
 95  10  0.200 0.100 0.100 0.400 0.200   13.6098 10.6507 7.8988
 96  10  0.000 0.200 0.400 0.100 0.300   13.2382 10.3008 7.4122
 97  10  0.200 0.200 0.500 0.000 0.100   13.3506 10.6018 8.2817
 98  10  0.200 0.100 0.300 0.200 0.200   13.4987 10.6303 7.9206
 99  10  0.100 0.200 0.200 0.200 0.300   13.5078 10.4969 7.7595
100  10  0.200 0.100 0.400 0.200 0.100   13.6064 10.7931 8.2213
---------------------------------------------------------------
AVG  10  0.172 0.156 0.268 0.155 0.249   13.5061 10.6020 7.9072
MIN  10  0.000 0.000 0.000 0.000 0.000   12.8101 9.9476 7.2797
MAX  10  0.400 0.500 0.700 0.500 0.700   14.2242 11.3402 8.8423

  # Samp Profile                         DE76    De94   DL
---------------------------------------------------------------
  1  30  0.167 0.067 0.467 0.067 0.233   13.0928 10.2312 7.5012
  2  30  0.200 0.267 0.267 0.100 0.167   13.4878 10.5762 7.9901
  3  30  0.233 0.200 0.167 0.133 0.267   13.5471 10.5424 8.0516
  4  30  0.133 0.100 0.333 0.300 0.133   13.1090 10.0612 7.3724
  5  30  0.100 0.133 0.400 0.167 0.200   13.9689 10.8968 8.2421
  6  30  0.300 0.133 0.200 0.200 0.167   13.6968 10.6754 7.9605
  7  30  0.267 0.100 0.367 0.133 0.133   13.2510 10.5664 8.2020
  8  30  0.200 0.167 0.233 0.200 0.200   13.5902 10.6830 7.8669
  9  30  0.233 0.200 0.267 0.167 0.133   13.8726 11.0350 8.3066
 10  30  0.267 0.167 0.200 0.133 0.233   13.2707 10.5369 8.0207
 11  30  0.133 0.167 0.267 0.300 0.133   13.5731 10.8171 8.1975
 12  30  0.233 0.167 0.267 0.133 0.200   13.9994 11.1330 8.3573
 13  30  0.167 0.233 0.167 0.167 0.267   13.1799 10.1809 7.3544
 14  30  0.333 0.133 0.300 0.067 0.167   14.3043 11.2353 8.6971
 15  30  0.100 0.133 0.133 0.267 0.367   13.6068 10.4582 7.4570
 16  30  0.100 0.167 0.333 0.133 0.267   13.4022 10.4226 7.5315
 17  30  0.133 0.267 0.233 0.100 0.267   13.4900 10.5469 7.9093
 18  30  0.133 0.267 0.233 0.167 0.200   14.0764 10.9722 8.1445
 19  30  0.167 0.267 0.167 0.233 0.167   12.9099 10.3008 7.8635
 20  30  0.133 0.167 0.333 0.100 0.267   13.4307 10.6027 7.8728
 21  30  0.167 0.133 0.133 0.200 0.367   12.8429 10.0862 7.4425
 22  30  0.133 0.233 0.233 0.200 0.200   13.4342 10.4597 7.8009
 23  30  0.167 0.367 0.233 0.133 0.100   14.0376 10.9618 8.0804
 24  30  0.367 0.233 0.133 0.067 0.200   13.8327 10.8318 8.1100
 25  30  0.167 0.067 0.300 0.233 0.233   13.4928 10.3581 7.5965
 26  30  0.133 0.200 0.200 0.200 0.267   12.9728 10.1427 7.7042
 27  30  0.167 0.367 0.167 0.100 0.200   13.8205 10.7250 7.9835
 28  30  0.200 0.267 0.200 0.133 0.200   13.6020 10.5999 7.8781
 29  30  0.200 0.100 0.300 0.233 0.167   14.1450 11.0618 8.4229
 30  30  0.133 0.233 0.233 0.200 0.200   13.4162 10.3176 7.3389
 31  30  0.200 0.133 0.133 0.133 0.400   13.3556 10.4241 7.9493
 32  30  0.167 0.267 0.167 0.067 0.333   12.9657 10.1256 7.1579
 33  30  0.067 0.233 0.300 0.100 0.300   13.3870 10.2936 7.6461
 34  30  0.167 0.067 0.267 0.233 0.267   13.0098 10.0540 7.2497
 35  30  0.133 0.267 0.467 0.033 0.100   13.4466 10.6504 8.2072
 36  30  0.233 0.200 0.300 0.133 0.133   13.2588 10.5541 7.9962
 37  30  0.133 0.167 0.200 0.233 0.267   13.0987 10.3951 8.1334
 38  30  0.067 0.200 0.267 0.133 0.333   12.7037 9.8998 7.0632
 39  30  0.233 0.300 0.167 0.167 0.133   13.3343 10.5236 7.8813
 40  30  0.200 0.067 0.300 0.100 0.333   13.2107 10.4059 7.7811
 41  30  0.033 0.167 0.400 0.133 0.267   13.4034 10.4187 7.6170
 42  30  0.133 0.167 0.433 0.133 0.133   12.8370 10.0882 7.5061
 43  30  0.100 0.300 0.167 0.167 0.267   13.5996 10.7766 8.1503
 44  30  0.200 0.167 0.267 0.200 0.167   13.4170 10.4535 7.7804
 45  30  0.167 0.200 0.233 0.100 0.300   13.5362 10.3985 7.5384
 46  30  0.200 0.233 0.267 0.133 0.167   13.4633 10.7203 8.1780
 47  30  0.067 0.133 0.467 0.200 0.133   13.4012 10.3892 7.6430
 48  30  0.300 0.033 0.267 0.167 0.233   13.3040 10.3144 7.7469
 49  30  0.167 0.100 0.200 0.167 0.367   12.7653 10.0333 7.5569
 50  30  0.133 0.167 0.333 0.167 0.200   12.9550 10.1629 7.6172
 51  30  0.200 0.133 0.267 0.133 0.267   13.7796 10.8811 8.2368
 52  30  0.300 0.133 0.133 0.067 0.367   13.2670 10.6072 8.0545
 53  30  0.167 0.133 0.233 0.200 0.267   13.8104 10.7498 7.8325
 54  30  0.067 0.300 0.233 0.133 0.267   12.8672 9.9164 7.1050
 55  30  0.033 0.300 0.167 0.200 0.300   13.3711 10.2500 7.6239
 56  30  0.167 0.100 0.433 0.033 0.267   13.2932 10.4014 7.7862
 57  30  0.133 0.300 0.267 0.067 0.233   12.9178 10.1920 7.6593
 58  30  0.100 0.300 0.333 0.100 0.167   13.7555 10.7792 8.1581
 59  30  0.367 0.233 0.100 0.100 0.200   14.1804 11.0638 8.3343
 60  30  0.100 0.233 0.200 0.167 0.300   13.8091 10.6840 8.1074
 61  30  0.200 0.267 0.167 0.100 0.267   13.5787 10.7322 8.1645
 62  30  0.233 0.267 0.167 0.100 0.233   13.3226 10.3704 7.7218
 63  30  0.233 0.133 0.133 0.200 0.300   13.3441 10.4543 7.6400
 64  30  0.167 0.200 0.267 0.233 0.133   14.0220 10.9710 7.9990
 65  30  0.167 0.200 0.233 0.133 0.267   13.4843 10.7045 7.8103
 66  30  0.300 0.133 0.200 0.067 0.300   13.8338 11.0051 8.3661
 67  30  0.333 0.133 0.300 0.000 0.233   13.8929 11.0799 8.5816
 68  30  0.133 0.267 0.333 0.133 0.133   13.2889 10.5782 7.8400
 69  30  0.033 0.100 0.333 0.200 0.333   12.8341 9.9546 7.4150
 70  30  0.133 0.400 0.167 0.100 0.200   13.5578 10.6556 7.8929
 71  30  0.100 0.100 0.300 0.167 0.333   13.1626 10.5307 7.9913
 72  30  0.133 0.133 0.400 0.100 0.233   13.1721 10.1987 7.3219
 73  30  0.067 0.200 0.167 0.200 0.367   13.7318 10.6085 7.6342
 74  30  0.200 0.267 0.200 0.167 0.167   13.4411 10.5912 8.2085
 75  30  0.267 0.300 0.267 0.033 0.133   13.5500 10.7120 8.0246
 76  30  0.167 0.167 0.300 0.100 0.267   14.3600 11.1151 8.3149
 77  30  0.100 0.233 0.233 0.133 0.300   13.2993 10.2060 7.2610
 78  30  0.200 0.167 0.200 0.167 0.267   13.6100 10.6915 8.0414
 79  30  0.100 0.267 0.267 0.100 0.267   12.6801 10.0196 7.5928
 80  30  0.167 0.200 0.200 0.000 0.433   13.2919 10.3966 7.9595
 81  30  0.267 0.100 0.233 0.267 0.133   13.5933 10.7653 8.0557
 82  30  0.233 0.200 0.333 0.133 0.100   13.3618 10.5537 8.0179
 83  30  0.033 0.233 0.167 0.333 0.233   12.4838 9.7127 6.9920
 84  30  0.033 0.233 0.100 0.200 0.433   13.1202 9.9696 6.9903
 85  30  0.233 0.100 0.333 0.167 0.167   14.1372 11.1010 8.2589
 86  30  0.233 0.067 0.267 0.167 0.267   12.8816 10.1084 7.4961
 87  30  0.067 0.167 0.467 0.133 0.167   13.8117 10.8093 8.0675
 88  30  0.233 0.133 0.267 0.200 0.167   13.4159 10.5674 7.8926
 89  30  0.100 0.200 0.300 0.167 0.233   13.4471 10.6462 8.1434
 90  30  0.100 0.333 0.167 0.133 0.267   13.5395 10.3967 7.3461
 91  30  0.167 0.200 0.233 0.133 0.267   13.2650 10.2494 7.5513
 92  30  0.267 0.100 0.233 0.133 0.267   13.6113 10.7727 8.1613
 93  30  0.267 0.200 0.167 0.200 0.167   13.8587 10.9614 8.2734
 94  30  0.133 0.200 0.200 0.167 0.300   13.8434 10.7157 7.7696
 95  30  0.100 0.200 0.267 0.100 0.333   12.7869 10.0991 7.5068
 96  30  0.167 0.200 0.400 0.100 0.133   12.8971 10.3738 7.7060
 97  30  0.200 0.000 0.367 0.133 0.300   13.3222 10.4995 8.0456
 98  30  0.167 0.133 0.333 0.100 0.267   13.1146 10.3305 7.7864
 99  30  0.067 0.167 0.233 0.267 0.267   13.7596 10.7691 8.1653
100  30  0.167 0.367 0.100 0.167 0.200   13.8744 10.8931 7.9474
---------------------------------------------------------------
AVG  30  0.170 0.191 0.254 0.149 0.236   13.4354 10.5250 7.8451
MIN  30  0.033 0.000 0.100 0.000 0.100   12.4838 9.7127 6.9903
MAX  30  0.367 0.400 0.467 0.333 0.433   14.3600 11.2353 8.6971

  # Samp Profile                         DE76    De94   DL
---------------------------------------------------------------
  1  90  0.200 0.111 0.256 0.200 0.233   12.9371 10.8174 9.1015
  2  90  0.200 0.067 0.344 0.122 0.267   15.2953 12.3638 9.8633
  3  90  0.133 0.200 0.278 0.156 0.233   14.8229 11.8758 9.6786
  4  90  0.233 0.122 0.233 0.156 0.256   15.5862 11.3031 7.7650
  5  90  0.178 0.278 0.200 0.133 0.211   11.7277 9.0484 6.2303
  6  90  0.133 0.167 0.289 0.211 0.200   14.5004 11.0380 8.0367
  7  90  0.244 0.111 0.200 0.200 0.244   11.1902 8.4879 6.5298
  8  90  0.189 0.178 0.267 0.089 0.278   11.9357 9.3866 7.0792
  9  90  0.178 0.156 0.333 0.122 0.211   17.0926 13.1606 10.5605
 10  90  0.278 0.122 0.222 0.111 0.267   13.3665 10.7382 8.6786
 11  90  0.167 0.211 0.256 0.078 0.289   14.0059 10.1281 6.9045
 12  90  0.156 0.167 0.233 0.156 0.289   15.3278 11.9166 9.5008
 13  90  0.167 0.222 0.233 0.167 0.211   11.5423 9.1996 7.0218
 14  90  0.167 0.167 0.278 0.178 0.211   13.8125 11.6071 8.5768
 15  90  0.167 0.144 0.244 0.167 0.278   10.9887 8.5796 5.7918
 16  90  0.156 0.200 0.200 0.178 0.267   13.2997 10.7809 8.2779
 17  90  0.144 0.189 0.267 0.122 0.278   16.0811 11.9777 7.8080
 18  90  0.144 0.178 0.267 0.200 0.211   15.4219 12.0303 7.3573
 19  90  0.144 0.100 0.311 0.133 0.311   13.3940 9.2933 5.8293
 20  90  0.200 0.222 0.256 0.156 0.167   14.8660 12.4306 10.7742
 21  90  0.156 0.178 0.233 0.189 0.244   9.7866 8.0075 5.2952
 22  90  0.156 0.200 0.278 0.111 0.256   14.2648 11.3250 9.4182
 23  90  0.211 0.178 0.267 0.133 0.211   16.2782 12.2759 8.3780
 24  90  0.144 0.211 0.278 0.200 0.167   14.6430 10.9721 6.9085
 25  90  0.244 0.133 0.256 0.144 0.222   16.1277 11.7954 8.1895
 26  90  0.222 0.222 0.211 0.133 0.211   16.5364 12.2740 7.8230
 27  90  0.211 0.144 0.256 0.122 0.267   12.6739 10.7556 8.7026
 28  90  0.233 0.167 0.267 0.156 0.178   17.4802 14.1002 10.4895
 29  90  0.233 0.144 0.267 0.156 0.200   13.6526 11.4989 8.7537
 30  90  0.167 0.211 0.222 0.178 0.222   14.5129 11.0767 8.2870
 31  90  0.178 0.133 0.200 0.178 0.311   14.7152 11.6875 9.0300
 32  90  0.200 0.156 0.289 0.156 0.200   13.9187 11.4171 7.2252
 33  90  0.122 0.211 0.356 0.144 0.167   16.4022 12.0056 9.4321
 34  90  0.200 0.144 0.211 0.189 0.256   15.6596 13.9735 10.5471
 35  90  0.144 0.256 0.200 0.144 0.256   12.5111 9.9334 7.2972
 36  90  0.156 0.189 0.222 0.111 0.322   15.6258 11.0092 7.3854
 37  90  0.111 0.222 0.300 0.100 0.267   13.9097 10.6110 8.2146
 38  90  0.167 0.178 0.256 0.200 0.200   12.5551 10.1104 7.6881
 39  90  0.144 0.144 0.289 0.122 0.300   14.0178 10.5484 7.9426
 40  90  0.144 0.167 0.300 0.100 0.289   13.9367 10.8917 8.5624
 41  90  0.211 0.167 0.267 0.178 0.178   15.7260 12.5381 10.2769
 42  90  0.167 0.178 0.200 0.278 0.178   11.5774 9.3780 7.8202
 43  90  0.233 0.233 0.267 0.111 0.156   10.4720 8.1465 5.2561
 44  90  0.189 0.200 0.167 0.200 0.244   10.8339 8.4513 5.6970
 45  90  0.178 0.200 0.256 0.078 0.289   16.4507 12.7752 10.1480
 46  90  0.167 0.200 0.267 0.178 0.189   16.8534 13.2989 9.1191
 47  90  0.122 0.167 0.222 0.178 0.311   13.0896 9.5712 6.4570
 48  90  0.256 0.156 0.233 0.078 0.278   13.1259 11.0991 9.1249
 49  90  0.111 0.144 0.267 0.156 0.322   13.3547 11.9010 10.5049
 50  90  0.144 0.211 0.333 0.100 0.211   13.2640 10.8923 8.9894
 51  90  0.178 0.211 0.244 0.156 0.211   15.3426 12.0361 9.4318
 52  90  0.178 0.244 0.222 0.111 0.244   13.1158 10.8712 8.7821
 53  90  0.156 0.211 0.267 0.133 0.233   16.0347 11.9723 9.3563
 54  90  0.189 0.211 0.200 0.156 0.244   12.7345 10.2776 8.0835
 55  90  0.100 0.156 0.300 0.144 0.300   13.3923 10.9206 8.5515
 56  90  0.144 0.156 0.189 0.122 0.389   11.0864 9.0251 6.1000
 57  90  0.200 0.178 0.267 0.156 0.200   14.7424 12.0702 10.0528
 58  90  0.156 0.189 0.244 0.133 0.278   11.6155 9.1391 5.9851
 59  90  0.211 0.156 0.278 0.133 0.222   14.4870 10.8590 7.8607
 60  90  0.189 0.144 0.256 0.156 0.256   15.4627 11.9989 9.0582
 61  90  0.178 0.178 0.344 0.133 0.167   10.9041 8.1151 5.3823
 62  90  0.167 0.256 0.211 0.122 0.244   13.6254 10.3943 7.4358
 63  90  0.156 0.211 0.233 0.122 0.278   12.8314 10.1530 7.8853
 64  90  0.122 0.122 0.289 0.222 0.244   12.3150 10.7598 8.7902
 65  90  0.167 0.178 0.222 0.167 0.267   13.2945 10.7592 7.8929
 66  90  0.122 0.144 0.200 0.222 0.311   13.2061 11.2544 9.3706
 67  90  0.178 0.233 0.244 0.156 0.189   12.9288 9.9190 6.9523
 68  90  0.189 0.244 0.233 0.156 0.178   13.1661 11.0296 8.7174
 69  90  0.178 0.222 0.278 0.133 0.189   14.7284 12.8478 11.4152
 70  90  0.211 0.156 0.244 0.089 0.300   13.2116 10.7325 8.6882
 71  90  0.178 0.211 0.244 0.122 0.244   14.0578 11.4991 8.4802
 72  90  0.133 0.211 0.200 0.222 0.233   14.5663 12.1405 10.1352
 73  90  0.233 0.100 0.222 0.178 0.267   10.9801 9.3201 7.6041
 74  90  0.189 0.178 0.289 0.067 0.278   11.1995 8.6950 5.0827
 75  90  0.111 0.222 0.211 0.167 0.289   14.1541 9.7971 6.0616
 76  90  0.144 0.267 0.144 0.189 0.256   10.4771 8.3140 6.3576
 77  90  0.178 0.178 0.211 0.178 0.256   12.3437 10.3437 8.1174
 78  90  0.122 0.178 0.256 0.156 0.289   12.3561 10.5750 8.4652
 79  90  0.211 0.133 0.156 0.289 0.211   14.8184 12.5875 10.2937
 80  90  0.156 0.244 0.222 0.122 0.256   15.9474 12.6536 10.8019
 81  90  0.167 0.156 0.267 0.167 0.244   11.7190 9.1990 7.1537
 82  90  0.167 0.178 0.311 0.156 0.189   13.2945 10.3888 7.9970
 83  90  0.189 0.167 0.322 0.100 0.222   15.4303 12.9585 11.3241
 84  90  0.156 0.200 0.267 0.144 0.233   12.8962 10.2996 8.3214
 85  90  0.189 0.211 0.278 0.133 0.189   13.6440 10.6684 7.9027
 86  90  0.156 0.133 0.233 0.167 0.311   14.5566 11.0923 7.7150
 87  90  0.133 0.222 0.222 0.111 0.311   14.4071 11.1833 8.7083
 88  90  0.167 0.189 0.256 0.178 0.211   13.8246 10.8785 8.6697
 89  90  0.244 0.256 0.156 0.122 0.222   14.8034 11.4348 9.0434
 90  90  0.156 0.178 0.256 0.222 0.189   10.7523 8.8285 6.6165
 91  90  0.156 0.200 0.244 0.122 0.278   14.0642 10.4074 7.9898
 92  90  0.167 0.200 0.189 0.189 0.256   10.9591 8.7198 6.4884
 93  90  0.156 0.167 0.278 0.122 0.278   13.7963 10.1742 7.2782
 94  90  0.167 0.144 0.222 0.222 0.244   16.6119 12.4068 8.8689
 95  90  0.189 0.189 0.222 0.133 0.267   12.5317 10.7247 8.5193
 96  90  0.100 0.133 0.256 0.189 0.322   13.8202 10.7746 8.1007
 97  90  0.133 0.156 0.267 0.211 0.233   13.1861 10.9426 9.2963
 98  90  0.267 0.211 0.133 0.189 0.200   12.4567 8.7900 5.3219
 99  90  0.222 0.100 0.311 0.122 0.244   11.0790 9.6258 7.7256
100  90  0.211 0.156 0.211 0.211 0.211   14.9217 11.3196 6.3486
---------------------------------------------------------------
AVG  90  0.174 0.180 0.248 0.154 0.244   13.6903 10.8236 8.1691
MIN  90  0.100 0.067 0.133 0.067 0.156   9.7866 8.0075 5.0827
MAX  90  0.278 0.278 0.356 0.289 0.389   17.4802 14.1002 11.4152

