  # Samp Profile                         DE76    De94   DL
---------------------------------------------------------------
  1   1  0.000 0.000 0.000 1.000 0.000   15.5426 13.8731 11.7681
  2   1  0.000 1.000 0.000 0.000 0.000   14.3002 12.6315 10.3833
  3   1  0.000 1.000 0.000 0.000 0.000   14.1998 12.5183 10.2634
  4   1  0.000 1.000 0.000 0.000 0.000   14.3097 12.6350 10.4008
  5   1  1.000 0.000 0.000 0.000 0.000   12.2252 10.7309 8.5881
  6   1  0.000 0.000 1.000 0.000 0.000   13.8360 12.1551 9.8607
  7   1  1.000 0.000 0.000 0.000 0.000   12.1613 10.5970 8.4233
  8   1  0.000 0.000 1.000 0.000 0.000   13.7669 12.0914 9.7872
  9   1  0.000 0.000 1.000 0.000 0.000   13.7965 12.1703 9.9205
 10   1  1.000 0.000 0.000 0.000 0.000   12.2347 10.6779 8.5281
 11   1  0.000 1.000 0.000 0.000 0.000   14.2815 12.6301 10.4325
 12   1  1.000 0.000 0.000 0.000 0.000   12.3311 10.7709 8.6058
 13   1  1.000 0.000 0.000 0.000 0.000   12.1545 10.6004 8.4381
 14   1  0.000 0.000 0.000 1.000 0.000   15.5610 13.8973 11.8241
 15   1  0.000 1.000 0.000 0.000 0.000   14.2928 12.6100 10.3521
 16   1  0.000 0.000 1.000 0.000 0.000   13.7282 12.0777 9.7953
 17   1  1.000 0.000 0.000 0.000 0.000   12.2986 10.7473 8.5918
 18   1  0.000 1.000 0.000 0.000 0.000   14.2688 12.6051 10.3688
 19   1  1.000 0.000 0.000 0.000 0.000   12.2086 10.6517 8.4798
 20   1  0.000 0.000 1.000 0.000 0.000   13.8326 12.1520 9.8557
 21   1  1.000 0.000 0.000 0.000 0.000   12.2432 10.7058 8.5556
 22   1  1.000 0.000 0.000 0.000 0.000   12.2065 10.6446 8.4741
 23   1  0.000 0.000 1.000 0.000 0.000   13.8859 12.1989 9.8961
 24   1  0.000 0.000 0.000 1.000 0.000   15.5669 13.9188 11.8346
 25   1  1.000 0.000 0.000 0.000 0.000   12.3335 10.7731 8.6044
 26   1  1.000 0.000 0.000 0.000 0.000   12.3087 10.7480 8.5770
 27   1  1.000 0.000 0.000 0.000 0.000   12.3182 10.7567 8.5868
 28   1  1.000 0.000 0.000 0.000 0.000   12.2872 10.7239 8.5489
 29   1  0.000 0.000 1.000 0.000 0.000   13.6863 12.0506 9.8926
 30   1  0.000 0.000 1.000 0.000 0.000   13.8439 12.1578 9.8471
 31   1  1.000 0.000 0.000 0.000 0.000   12.2341 10.6709 8.5011
 32   1  0.000 1.000 0.000 0.000 0.000   14.3534 12.6704 10.4237
 33   1  1.000 0.000 0.000 0.000 0.000   12.2394 10.6874 8.5218
 34   1  1.000 0.000 0.000 0.000 0.000   12.1974 10.6678 8.5223
 35   1  0.000 1.000 0.000 0.000 0.000   14.2815 12.6301 10.4325
 36   1  0.000 0.000 1.000 0.000 0.000   13.8503 12.1624 9.8501
 37   1  1.000 0.000 0.000 0.000 0.000   12.2420 10.6939 8.5534
 38   1  1.000 0.000 0.000 0.000 0.000   12.2445 10.7012 8.5973
 39   1  0.000 0.000 1.000 0.000 0.000   13.7261 12.0404 9.7305
 40   1  1.000 0.000 0.000 0.000 0.000   12.3077 10.7673 8.6110
 41   1  1.000 0.000 0.000 0.000 0.000   12.1839 10.6447 8.4918
 42   1  1.000 0.000 0.000 0.000 0.000   12.2341 10.6709 8.5011
 43   1  0.000 1.000 0.000 0.000 0.000   14.3506 12.6711 10.4244
 44   1  1.000 0.000 0.000 0.000 0.000   12.2426 10.6794 8.5097
 45   1  0.000 0.000 1.000 0.000 0.000   13.7759 12.1536 9.9059
 46   1  0.000 0.000 0.000 1.000 0.000   15.4006 13.7280 11.6255
 47   1  0.000 1.000 0.000 0.000 0.000   14.3297 12.6492 10.3993
 48   1  0.000 1.000 0.000 0.000 0.000   14.3092 12.6599 10.4424
 49   1  0.000 0.000 0.000 1.000 0.000   15.5726 13.8954 11.7850
 50   1  0.000 0.000 0.000 0.000 1.000   17.5048 15.9185 14.0551
 51   1  0.000 1.000 0.000 0.000 0.000   14.3634 12.6927 10.4474
 52   1  0.000 1.000 0.000 0.000 0.000   14.3002 12.6315 10.3833
 53   1  0.000 1.000 0.000 0.000 0.000   14.3512 12.6671 10.4156
 54   1  1.000 0.000 0.000 0.000 0.000   12.2016 10.6495 8.5050
 55   1  1.000 0.000 0.000 0.000 0.000   12.2835 10.7201 8.5477
 56   1  0.000 0.000 1.000 0.000 0.000   13.8159 12.1419 9.8734
 57   1  0.000 0.000 1.000 0.000 0.000   13.8697 12.1951 9.9190
 58   1  0.000 0.000 0.000 1.000 0.000   15.5753 13.9044 11.7997
 59   1  1.000 0.000 0.000 0.000 0.000   12.3234 10.7701 8.6141
 60   1  0.000 1.000 0.000 0.000 0.000   14.1998 12.5183 10.2634
 61   1  0.000 0.000 1.000 0.000 0.000   13.8671 12.2029 9.9028
 62   1  0.000 1.000 0.000 0.000 0.000   14.3297 12.6492 10.3993
 63   1  0.000 1.000 0.000 0.000 0.000   14.2759 12.6098 10.4132
 64   1  1.000 0.000 0.000 0.000 0.000   12.2187 10.6796 8.5353
 65   1  1.000 0.000 0.000 0.000 0.000   12.1497 10.5912 8.4252
 66   1  0.000 0.000 1.000 0.000 0.000   13.7759 12.1536 9.9059
 67   1  0.000 0.000 1.000 0.000 0.000   13.8064 12.1254 9.8203
 68   1  0.000 0.000 0.000 0.000 1.000   17.4993 15.9271 14.0727
 69   1  1.000 0.000 0.000 0.000 0.000   12.2872 10.7239 8.5489
 70   1  0.000 0.000 1.000 0.000 0.000   13.7357 12.0951 9.8028
 71   1  0.000 1.000 0.000 0.000 0.000   14.2863 12.6045 10.3478
 72   1  0.000 0.000 0.000 1.000 0.000   15.4553 13.9215 11.8784
 73   1  1.000 0.000 0.000 0.000 0.000   12.2807 10.7320 8.5693
 74   1  1.000 0.000 0.000 0.000 0.000   12.2357 10.6797 8.5155
 75   1  0.000 0.000 0.000 1.000 0.000   15.5692 13.8916 11.7813
 76   1  0.000 0.000 0.000 1.000 0.000   15.5950 13.9432 11.8654
 77   1  0.000 0.000 1.000 0.000 0.000   13.8669 12.1864 9.8938
 78   1  0.000 0.000 0.000 0.000 1.000   17.5327 15.9454 14.0817
 79   1  0.000 1.000 0.000 0.000 0.000   14.1769 12.4911 10.2324
 80   1  0.000 0.000 0.000 0.000 1.000   17.5168 15.9313 14.0656
 81   1  0.000 1.000 0.000 0.000 0.000   14.1756 12.4900 10.2317
 82   1  0.000 1.000 0.000 0.000 0.000   14.3142 12.6299 10.3808
 83   1  1.000 0.000 0.000 0.000 0.000   12.3077 10.7673 8.6110
 84   1  1.000 0.000 0.000 0.000 0.000   12.2489 10.6954 8.5401
 85   1  1.000 0.000 0.000 0.000 0.000   12.2803 10.7438 8.6140
 86   1  0.000 0.000 0.000 1.000 0.000   15.5934 13.9181 11.8052
 87   1  0.000 0.000 0.000 0.000 1.000   17.4418 15.9766 14.1462
 88   1  0.000 0.000 1.000 0.000 0.000   13.8614 12.1768 9.8704
 89   1  1.000 0.000 0.000 0.000 0.000   12.2293 10.6845 8.5310
 90   1  1.000 0.000 0.000 0.000 0.000   12.2807 10.7320 8.5693
 91   1  1.000 0.000 0.000 0.000 0.000   12.1820 10.6180 8.4426
 92   1  1.000 0.000 0.000 0.000 0.000   12.2264 10.7060 8.6173
 93   1  0.000 0.000 1.000 0.000 0.000   13.8161 12.1268 9.8119
 94   1  1.000 0.000 0.000 0.000 0.000   12.2252 10.7309 8.5881
 95   1  0.000 0.000 0.000 1.000 0.000   15.6233 13.9470 11.8406
 96   1  1.000 0.000 0.000 0.000 0.000   12.1795 10.6161 8.4433
 97   1  1.000 0.000 0.000 0.000 0.000   12.2247 10.6965 8.5380
 98   1  1.000 0.000 0.000 0.000 0.000   12.3087 10.7480 8.5770
 99   1  1.000 0.000 0.000 0.000 0.000   12.2725 10.7336 8.5744
100   1  0.000 0.000 1.000 0.000 0.000   13.8475 12.1590 9.8466
---------------------------------------------------------------
AVG   1  0.420 0.210 0.210 0.110 0.050   13.6298 12.0173 9.8377
MIN   1  0.000 0.000 0.000 0.000 0.000   12.1497 10.5912 8.4233
MAX   1  1.000 1.000 1.000 1.000 1.000   17.5327 15.9766 14.1462

  # Samp Profile                         DE76    De94   DL
---------------------------------------------------------------
  1   3  0.667 0.000 0.000 0.333 0.000   12.8915 11.3029 9.0799
  2   3  0.333 0.000 0.333 0.333 0.000   13.4496 11.8927 9.6613
  3   3  0.667 0.000 0.333 0.000 0.000   12.7511 11.1299 8.8948
  4   3  0.667 0.000 0.000 0.333 0.000   12.7974 11.1671 8.9513
  5   3  0.000 0.000 0.333 0.333 0.333   15.3346 13.6557 11.5598
  6   3  0.667 0.000 0.333 0.000 0.000   12.7327 11.1368 8.8962
  7   3  0.333 0.000 0.000 0.667 0.000   14.1126 12.4724 10.2369
  8   3  0.000 0.000 0.333 0.333 0.333   15.5711 13.9188 11.8350
  9   3  0.333 0.000 0.333 0.333 0.000   13.3079 11.7252 9.5028
 10   3  0.667 0.000 0.333 0.000 0.000   12.6573 11.0532 8.8131
 11   3  0.000 0.000 0.333 0.667 0.000   14.8877 13.2206 11.0596
 12   3  0.000 0.000 0.333 0.667 0.000   14.9114 13.2240 11.0672
 13   3  0.667 0.000 0.333 0.000 0.000   12.7271 11.1780 9.0111
 14   3  0.000 0.333 0.333 0.333 0.000   14.4677 12.7630 10.5344
 15   3  1.000 0.000 0.000 0.000 0.000   12.2672 10.6880 8.5098
 16   3  0.333 0.333 0.333 0.000 0.000   13.3727 11.7220 9.4878
 17   3  0.667 0.000 0.333 0.000 0.000   12.7299 11.1278 8.8989
 18   3  0.000 0.333 0.667 0.000 0.000   13.9718 12.2815 10.0173
 19   3  0.667 0.000 0.000 0.000 0.333   13.3702 11.7003 9.4171
 20   3  0.667 0.000 0.000 0.333 0.000   13.0036 11.3754 9.1415
 21   3  0.000 0.333 0.000 0.333 0.333   15.4831 13.7877 11.6581
 22   3  0.667 0.333 0.000 0.000 0.000   12.9227 11.3056 9.1333
 23   3  0.333 0.000 0.000 0.667 0.000   13.8832 12.2792 10.1063
 24   3  0.333 0.000 0.667 0.000 0.000   13.1251 11.4733 9.2169
 25   3  0.333 0.000 0.667 0.000 0.000   12.9955 11.4649 9.3643
 26   3  0.667 0.333 0.000 0.000 0.000   12.8525 11.2472 9.0682
 27   3  0.667 0.000 0.000 0.333 0.000   13.0390 11.3988 9.1591
 28   3  1.000 0.000 0.000 0.000 0.000   12.1890 10.6502 8.4593
 29   3  0.667 0.000 0.000 0.333 0.000   12.9434 11.3174 9.0843
 30   3  0.000 0.333 0.000 0.333 0.333   15.5245 13.8284 11.7212
 31   3  0.333 0.000 0.000 0.667 0.000   14.0340 12.3450 10.0915
 32   3  0.000 0.333 0.333 0.333 0.000   14.5912 12.9176 10.6942
 33   3  0.333 0.333 0.000 0.000 0.333   14.1529 12.4688 10.2302
 34   3  0.333 0.333 0.000 0.000 0.333   14.0082 12.3216 10.1217
 35   3  1.000 0.000 0.000 0.000 0.000   12.3556 10.7713 8.5738
 36   3  0.333 0.333 0.000 0.333 0.000   13.6970 12.0473 9.8810
 37   3  0.333 0.333 0.333 0.000 0.000   13.3333 11.7214 9.4900
 38   3  0.000 0.333 0.333 0.333 0.000   14.5940 12.9013 10.7289
 39   3  1.000 0.000 0.000 0.000 0.000   12.0679 10.5160 8.3271
 40   3  0.333 0.000 0.333 0.333 0.000   13.5559 11.8928 9.6742
 41   3  0.000 0.000 0.333 0.667 0.000   14.9128 13.2335 11.0657
 42   3  0.000 0.333 0.333 0.000 0.333   15.0482 13.3541 11.1868
 43   3  0.333 0.000 0.333 0.333 0.000   13.4845 11.8112 9.5385
 44   3  0.333 0.000 0.333 0.000 0.333   13.9496 12.3152 10.1635
 45   3  0.000 0.333 0.667 0.000 0.000   13.9726 12.2982 10.0421
 46   3  0.333 0.333 0.333 0.000 0.000   13.0312 11.4901 9.3363
 47   3  0.667 0.333 0.000 0.000 0.000   12.7588 11.1996 9.0734
 48   3  0.333 0.333 0.333 0.000 0.000   13.1311 11.4881 9.2509
 49   3  0.000 0.333 0.000 0.333 0.333   15.5327 13.8797 11.8078
 50   3  0.667 0.000 0.333 0.000 0.000   12.5595 10.9449 8.7052
 51   3  0.333 0.333 0.333 0.000 0.000   13.1017 11.5412 9.4262
 52   3  0.000 0.000 0.333 0.667 0.000   14.8237 13.1904 11.0255
 53   3  0.000 0.333 0.000 0.667 0.000   15.0290 13.3601 11.1756
 54   3  0.000 0.333 0.667 0.000 0.000   13.6713 12.0260 9.7952
 55   3  0.000 0.000 0.667 0.333 0.000   14.0918 12.4254 10.1973
 56   3  0.000 0.000 0.667 0.000 0.333   14.8139 13.1214 10.9478
 57   3  0.333 0.000 0.333 0.333 0.000   13.4032 11.7192 9.4302
 58   3  0.333 0.000 0.333 0.333 0.000   13.3131 11.7169 9.6169
 59   3  0.333 0.333 0.333 0.000 0.000   13.1558 11.5221 9.2993
 60   3  0.333 0.000 0.667 0.000 0.000   13.1000 11.4881 9.3418
 61   3  0.667 0.000 0.000 0.333 0.000   13.0201 11.4137 9.1708
 62   3  0.333 0.000 0.333 0.333 0.000   13.3273 11.6950 9.5720
 63   3  0.333 0.000 0.667 0.000 0.000   13.0347 11.4504 9.2192
 64   3  0.000 0.667 0.333 0.000 0.000   14.0786 12.4329 10.2587
 65   3  0.333 0.000 0.333 0.000 0.333   14.2353 12.5457 10.2708
 66   3  0.333 0.000 0.333 0.333 0.000   13.5618 11.9041 9.6545
 67   3  0.333 0.000 0.333 0.333 0.000   13.6612 12.0457 9.8302
 68   3  0.333 0.000 0.667 0.000 0.000   13.0833 11.4489 9.2383
 69   3  0.000 0.000 0.667 0.333 0.000   14.3106 12.6164 10.3823
 70   3  0.667 0.333 0.000 0.000 0.000   12.8332 11.2357 9.1051
 71   3  0.000 0.000 0.667 0.333 0.000   14.0361 12.3693 10.1441
 72   3  0.000 0.333 0.333 0.333 0.000   14.4522 12.7521 10.5137
 73   3  0.333 0.333 0.333 0.000 0.000   13.2706 11.6197 9.3793
 74   3  0.333 0.000 0.000 0.333 0.333   14.4573 12.7599 10.5495
 75   3  0.667 0.000 0.333 0.000 0.000   12.5590 10.9490 8.7296
 76   3  0.000 0.333 0.667 0.000 0.000   14.0762 12.3957 10.1442
 77   3  0.333 0.000 0.333 0.333 0.000   13.5218 11.9227 9.8549
 78   3  0.333 0.000 0.333 0.333 0.000   13.6062 11.9325 9.6572
 79   3  0.333 0.333 0.333 0.000 0.000   13.2112 11.5798 9.3594
 80   3  0.333 0.333 0.000 0.333 0.000   13.9223 12.2416 9.9973
 81   3  0.333 0.333 0.000 0.333 0.000   13.6129 12.0001 9.7940
 82   3  0.667 0.000 0.000 0.333 0.000   12.9704 11.3768 9.1713
 83   3  0.333 0.000 0.667 0.000 0.000   13.1170 11.4601 9.1828
 84   3  0.333 0.333 0.000 0.000 0.333   13.9674 12.3149 10.0830
 85   3  0.333 0.000 0.333 0.333 0.000   13.5170 11.8406 9.5610
 86   3  0.333 0.000 0.000 0.000 0.667   15.2819 13.5897 11.4347
 87   3  0.333 0.000 0.667 0.000 0.000   12.8881 11.2789 8.9991
 88   3  0.333 0.000 0.000 0.667 0.000   14.1679 12.4819 10.2372
 89   3  0.333 0.000 0.667 0.000 0.000   12.8679 11.2089 8.9014
 90   3  0.333 0.000 0.000 0.667 0.000   14.2337 12.5453 10.2963
 91   3  0.333 0.000 0.000 0.333 0.333   14.4310 12.7661 10.5974
 92   3  0.000 0.000 0.333 0.333 0.333   15.2352 13.5576 11.4484
 93   3  0.000 0.333 0.667 0.000 0.000   13.6604 12.0350 9.8039
 94   3  0.333 0.000 0.000 0.667 0.000   14.2401 12.5519 10.3196
 95   3  0.333 0.333 0.000 0.333 0.000   13.7402 12.0633 9.8040
 96   3  0.333 0.000 0.000 0.333 0.333   14.6916 12.9876 10.7560
 97   3  0.333 0.000 0.333 0.333 0.000   13.5566 11.8869 9.5955
 98   3  0.667 0.000 0.000 0.000 0.333   13.2792 11.6120 9.3293
 99   3  0.333 0.000 0.333 0.000 0.333   13.8840 12.2251 9.9782
100   3  0.333 0.000 0.333 0.333 0.000   13.4890 11.8138 9.5428
---------------------------------------------------------------
AVG   3  0.340 0.117 0.263 0.210 0.070   13.6864 12.0442 9.8365
MIN   3  0.000 0.000 0.000 0.000 0.000   12.0679 10.5160 8.3271
MAX   3  1.000 0.667 0.667 0.667 0.667   15.5711 13.9188 11.8350

  # Samp Profile                         DE76    De94   DL
---------------------------------------------------------------
  1  10  0.100 0.300 0.300 0.300 0.000   14.2156 12.4706 10.1366
  2  10  0.400 0.100 0.200 0.200 0.100   14.0405 12.2788 9.9246
  3  10  0.300 0.000 0.200 0.500 0.000   13.3830 11.7862 9.5852
  4  10  0.400 0.000 0.100 0.300 0.200   14.0208 12.3600 10.1065
  5  10  0.300 0.100 0.400 0.200 0.000   13.7758 12.0794 9.8108
  6  10  0.300 0.100 0.300 0.100 0.200   13.8981 12.1370 9.7844
  7  10  0.400 0.000 0.200 0.400 0.000   13.4038 11.7993 9.6895
  8  10  0.300 0.000 0.400 0.100 0.200   13.7927 12.0637 9.7870
  9  10  0.600 0.100 0.200 0.000 0.100   13.0704 11.4292 9.1579
 10  10  0.500 0.200 0.100 0.100 0.100   13.2689 11.6010 9.2884
 11  10  0.500 0.100 0.200 0.200 0.000   13.3339 11.6755 9.4192
 12  10  0.400 0.300 0.000 0.200 0.100   13.7190 12.0822 9.9316
 13  10  0.600 0.200 0.000 0.100 0.100   13.2649 11.7945 9.6812
 14  10  0.500 0.100 0.100 0.300 0.000   13.0891 11.4507 9.2640
 15  10  0.200 0.400 0.200 0.100 0.100   13.9555 12.2252 9.9439
 16  10  0.200 0.100 0.400 0.300 0.000   13.6373 12.0326 9.9404
 17  10  0.200 0.200 0.400 0.100 0.100   13.9110 12.2504 9.9714
 18  10  0.300 0.100 0.300 0.100 0.200   13.9772 12.2574 10.0442
 19  10  0.400 0.100 0.200 0.200 0.100   13.2691 11.6475 9.4748
 20  10  0.200 0.200 0.100 0.500 0.000   14.2079 12.6035 10.4551
 21  10  0.400 0.000 0.300 0.300 0.000   13.3075 11.6004 9.2888
 22  10  0.300 0.000 0.400 0.200 0.100   13.7078 11.9901 9.7407
 23  10  0.100 0.200 0.400 0.200 0.100   14.5156 12.9574 10.8489
 24  10  0.300 0.400 0.200 0.100 0.000   13.3247 11.8573 9.8429
 25  10  0.300 0.000 0.200 0.300 0.200   13.9869 12.3224 10.0939
 26  10  0.500 0.300 0.100 0.000 0.100   13.3729 11.7459 9.5539
 27  10  0.400 0.000 0.100 0.400 0.100   13.3798 11.7666 9.5039
 28  10  0.300 0.400 0.200 0.000 0.100   13.8822 12.1873 9.9567
 29  10  0.400 0.000 0.300 0.200 0.100   13.6092 11.8869 9.5070
 30  10  0.400 0.200 0.200 0.200 0.000   13.4725 11.9257 9.7571
 31  10  0.000 0.200 0.300 0.400 0.100   14.3840 12.6586 10.5652
 32  10  0.400 0.300 0.200 0.100 0.000   13.3443 11.7110 9.4755
 33  10  0.400 0.000 0.200 0.300 0.100   13.6911 12.0217 9.7608
 34  10  0.300 0.200 0.300 0.200 0.000   13.2563 11.6978 9.6664
 35  10  0.400 0.100 0.200 0.200 0.100   13.4503 11.8473 9.6374
 36  10  0.200 0.100 0.500 0.200 0.000   13.4083 11.8343 9.6421
 37  10  0.500 0.100 0.100 0.100 0.200   13.1733 11.5715 9.4645
 38  10  0.200 0.200 0.400 0.200 0.000   13.8585 12.1684 9.9579
 39  10  0.300 0.200 0.100 0.400 0.000   13.8259 12.2457 10.0024
 40  10  0.400 0.400 0.100 0.100 0.000   13.4900 11.8299 9.6432
 41  10  0.200 0.100 0.300 0.300 0.100   14.1595 12.3964 10.0472
 42  10  0.300 0.100 0.400 0.100 0.100   13.3434 11.7285 9.5303
 43  10  0.300 0.400 0.100 0.200 0.000   13.4953 11.8056 9.5171
 44  10  0.300 0.000 0.400 0.200 0.100   13.8193 12.1444 9.8507
 45  10  0.200 0.100 0.200 0.500 0.000   14.2561 12.6309 10.4791
 46  10  0.100 0.600 0.100 0.200 0.000   14.2990 12.6123 10.4046
 47  10  0.400 0.200 0.300 0.000 0.100   13.0397 11.5050 9.2988
 48  10  0.300 0.300 0.200 0.100 0.100   13.7051 12.1436 10.1469
 49  10  0.100 0.300 0.400 0.200 0.000   13.6992 12.0712 9.8501
 50  10  0.300 0.300 0.000 0.400 0.000   13.8292 12.1310 9.8828
 51  10  0.400 0.300 0.100 0.100 0.100   13.7708 12.1864 9.9180
 52  10  0.200 0.100 0.500 0.200 0.000   13.3335 11.7933 9.5638
 53  10  0.300 0.100 0.300 0.200 0.100   13.8120 12.1532 9.9585
 54  10  0.400 0.000 0.400 0.200 0.000   13.5427 11.8667 9.5843
 55  10  0.500 0.200 0.100 0.000 0.200   13.0101 11.3624 9.1522
 56  10  0.300 0.100 0.300 0.100 0.200   13.8339 12.0884 9.7700
 57  10  0.400 0.100 0.300 0.200 0.000   13.4685 11.7740 9.4665
 58  10  0.500 0.100 0.200 0.100 0.100   13.4255 11.8437 9.6471
 59  10  0.300 0.000 0.100 0.300 0.300   14.8338 13.1556 10.9395
 60  10  0.400 0.200 0.300 0.000 0.100   13.0474 11.5347 9.5525
 61  10  0.100 0.300 0.300 0.300 0.000   14.2397 12.5082 10.1903
 62  10  0.200 0.200 0.200 0.400 0.000   14.2475 12.6215 10.4384
 63  10  0.100 0.100 0.400 0.300 0.100   14.2910 12.6274 10.4848
 64  10  0.300 0.200 0.200 0.300 0.000   13.6471 12.0240 9.9112
 65  10  0.400 0.100 0.400 0.100 0.000   13.0718 11.4761 9.2193
 66  10  0.300 0.300 0.300 0.100 0.000   13.2732 11.6900 9.5669
 67  10  0.200 0.400 0.300 0.100 0.000   13.8061 12.2176 10.1104
 68  10  0.300 0.200 0.400 0.100 0.000   13.1940 11.5230 9.3816
 69  10  0.300 0.100 0.300 0.100 0.200   14.0306 12.3542 10.1186
 70  10  0.500 0.100 0.200 0.100 0.100   13.0097 11.3691 9.1833
 71  10  0.300 0.400 0.200 0.100 0.000   13.4089 11.7543 9.5022
 72  10  0.600 0.100 0.100 0.200 0.000   12.7345 11.0781 8.8076
 73  10  0.500 0.100 0.100 0.300 0.000   13.3364 11.7038 9.4753
 74  10  0.300 0.200 0.300 0.200 0.000   13.6926 12.1241 9.9760
 75  10  0.300 0.300 0.400 0.000 0.000   12.8037 11.1952 8.9630
 76  10  0.500 0.100 0.100 0.200 0.100   13.2309 11.6997 9.4775
 77  10  0.200 0.300 0.200 0.300 0.000   13.9263 12.2818 10.0436
 78  10  0.200 0.400 0.000 0.400 0.000   13.8933 12.1891 9.8491
 79  10  0.200 0.100 0.400 0.300 0.000   13.9878 12.2719 10.0469
 80  10  0.300 0.200 0.200 0.200 0.100   13.8490 12.2052 9.9845
 81  10  0.400 0.000 0.400 0.100 0.100   13.5109 11.8754 9.6258
 82  10  0.500 0.200 0.100 0.200 0.000   12.9261 11.2481 9.0227
 83  10  0.400 0.200 0.200 0.200 0.000   13.2616 11.6011 9.3492
 84  10  0.200 0.400 0.200 0.200 0.000   13.6068 11.9747 9.7608
 85  10  0.300 0.100 0.200 0.200 0.200   13.7894 12.1283 10.0723
 86  10  0.200 0.100 0.100 0.500 0.100   14.3933 12.7445 10.5408
 87  10  0.200 0.100 0.300 0.200 0.200   14.3676 12.6267 10.3254
 88  10  0.000 0.300 0.200 0.400 0.100   15.0893 13.3489 11.1694
 89  10  0.300 0.000 0.300 0.300 0.100   13.9575 12.2674 10.0385
 90  10  0.000 0.100 0.300 0.500 0.100   14.7596 13.1561 10.9818
 91  10  0.300 0.100 0.300 0.300 0.000   13.5364 11.8000 9.4699
 92  10  0.300 0.300 0.100 0.300 0.000   13.8957 12.1804 9.9619
 93  10  0.200 0.400 0.000 0.300 0.100   14.0510 12.3959 10.2013
 94  10  0.400 0.000 0.100 0.300 0.200   14.3945 12.6569 10.3296
 95  10  0.300 0.300 0.000 0.300 0.100   13.6250 11.9571 9.7265
 96  10  0.100 0.100 0.500 0.200 0.100   13.5223 11.8608 9.5976
 97  10  0.600 0.300 0.100 0.000 0.000   13.1726 11.5893 9.4272
 98  10  0.400 0.200 0.200 0.000 0.200   13.6740 12.0199 9.7835
 99  10  0.300 0.200 0.500 0.000 0.000   13.3568 11.7700 9.6024
100  10  0.500 0.200 0.100 0.200 0.000   13.5075 11.8427 9.6652
---------------------------------------------------------------
AVG  10  0.318 0.174 0.233 0.208 0.067   13.6747 12.0274 9.8125
MIN  10  0.000 0.000 0.000 0.000 0.000   12.7345 11.0781 8.8076
MAX  10  0.600 0.600 0.500 0.500 0.300   15.0893 13.3489 11.1694

  # Samp Profile                         DE76    De94   DL
---------------------------------------------------------------
  1  30  0.400 0.133 0.167 0.200 0.100   14.3538 12.7142 10.3238
  2  30  0.400 0.133 0.233 0.167 0.067   13.6050 11.9450 9.6027
  3  30  0.433 0.100 0.267 0.100 0.100   13.8995 12.1369 9.7498
  4  30  0.433 0.100 0.300 0.100 0.067   13.2973 11.4860 9.0703
  5  30  0.267 0.167 0.233 0.333 0.000   14.0757 12.3644 10.3355
  6  30  0.333 0.133 0.200 0.300 0.033   14.3087 12.5300 10.1802
  7  30  0.267 0.133 0.300 0.200 0.100   13.5679 11.9943 9.9247
  8  30  0.400 0.200 0.100 0.267 0.033   13.7647 12.0894 9.8355
  9  30  0.467 0.100 0.200 0.167 0.067   12.9855 11.3455 9.3672
 10  30  0.367 0.167 0.200 0.233 0.033   13.4901 11.9746 9.6843
 11  30  0.367 0.200 0.233 0.100 0.100   13.6021 11.8838 9.5541
 12  30  0.267 0.200 0.200 0.267 0.067   13.7515 12.1299 9.8400
 13  30  0.467 0.100 0.133 0.233 0.067   13.3980 11.6293 9.2310
 14  30  0.500 0.133 0.167 0.167 0.033   13.8018 12.0673 9.8074
 15  30  0.400 0.100 0.133 0.333 0.033   13.9213 12.2308 10.1157
 16  30  0.333 0.200 0.167 0.267 0.033   13.3316 11.7885 9.8193
 17  30  0.467 0.100 0.200 0.133 0.100   13.7489 11.9455 9.5611
 18  30  0.333 0.167 0.067 0.300 0.133   13.4505 12.1349 10.2058
 19  30  0.300 0.233 0.267 0.067 0.133   13.7878 12.3114 10.3775
 20  30  0.367 0.133 0.333 0.133 0.033   13.1528 11.5047 9.1524
 21  30  0.433 0.133 0.200 0.100 0.133   13.5058 11.8705 9.8105
 22  30  0.233 0.300 0.167 0.233 0.067   13.1067 11.3643 9.0403
 23  30  0.500 0.133 0.167 0.133 0.067   13.4701 11.8393 9.6880
 24  30  0.267 0.167 0.267 0.133 0.167   13.0704 11.3803 9.0471
 25  30  0.267 0.167 0.267 0.233 0.067   13.8170 12.1913 10.0775
 26  30  0.467 0.067 0.267 0.167 0.033   13.9367 12.4774 10.5029
 27  30  0.267 0.100 0.200 0.367 0.067   14.0751 12.5693 10.5759
 28  30  0.367 0.200 0.267 0.133 0.033   13.9655 12.3898 10.0250
 29  30  0.267 0.133 0.233 0.267 0.100   15.0068 13.1567 10.7262
 30  30  0.300 0.200 0.200 0.200 0.100   14.0136 12.2052 10.0107
 31  30  0.400 0.167 0.233 0.167 0.033   13.7934 12.0478 9.7449
 32  30  0.267 0.433 0.133 0.133 0.033   14.5121 12.8344 10.4722
 33  30  0.367 0.133 0.100 0.333 0.067   13.1869 11.4292 9.0062
 34  30  0.433 0.067 0.233 0.267 0.000   12.9065 11.3121 9.2212
 35  30  0.400 0.100 0.233 0.267 0.000   12.1719 10.7954 8.8007
 36  30  0.167 0.200 0.367 0.167 0.100   14.1318 12.5984 10.3745
 37  30  0.233 0.333 0.200 0.200 0.033   14.1707 12.3545 9.9471
 38  30  0.400 0.167 0.267 0.100 0.067   13.6915 12.0488 9.7369
 39  30  0.200 0.300 0.100 0.333 0.067   14.2408 12.3407 9.8880
 40  30  0.400 0.100 0.200 0.267 0.033   12.9800 11.5616 9.3746
 41  30  0.267 0.167 0.267 0.233 0.067   14.0587 12.4372 10.3485
 42  30  0.300 0.233 0.267 0.200 0.000   14.0163 12.2767 9.8867
 43  30  0.300 0.333 0.133 0.200 0.033   13.5233 11.8671 9.6315
 44  30  0.400 0.233 0.200 0.133 0.033   13.7738 12.1801 9.8412
 45  30  0.433 0.100 0.167 0.200 0.100   13.6371 11.9205 9.5534
 46  30  0.267 0.333 0.233 0.133 0.033   14.4220 12.7068 10.6027
 47  30  0.367 0.267 0.233 0.133 0.000   13.3183 11.8696 9.7354
 48  30  0.500 0.133 0.133 0.200 0.033   13.1409 11.8414 9.9798
 49  30  0.367 0.100 0.300 0.200 0.033   13.5218 11.8830 9.6441
 50  30  0.433 0.067 0.133 0.267 0.100   13.0979 11.6342 9.6508
 51  30  0.233 0.133 0.333 0.200 0.100   14.0647 12.3524 10.0353
 52  30  0.333 0.200 0.167 0.267 0.033   13.3362 11.7157 9.4397
 53  30  0.300 0.100 0.233 0.267 0.100   14.0676 12.6211 10.5071
 54  30  0.333 0.167 0.233 0.200 0.067   13.2758 11.6361 9.1551
 55  30  0.467 0.233 0.133 0.133 0.033   12.2534 10.8486 8.7057
 56  30  0.300 0.100 0.200 0.367 0.033   13.7571 12.0343 9.6978
 57  30  0.500 0.167 0.100 0.200 0.033   13.1937 11.5683 9.2179
 58  30  0.200 0.233 0.300 0.267 0.000   13.7888 12.0406 9.7060
 59  30  0.367 0.133 0.300 0.200 0.000   13.8096 12.2046 9.9551
 60  30  0.567 0.000 0.233 0.200 0.000   13.2567 11.5708 9.2917
 61  30  0.533 0.167 0.133 0.133 0.033   13.1945 11.4496 9.0225
 62  30  0.167 0.233 0.333 0.233 0.033   13.1314 11.6533 9.4424
 63  30  0.300 0.133 0.333 0.200 0.033   14.4565 12.5745 10.1297
 64  30  0.367 0.100 0.200 0.300 0.033   13.7983 12.1954 9.8309
 65  30  0.200 0.233 0.167 0.267 0.133   14.2585 12.7854 10.8818
 66  30  0.533 0.233 0.033 0.133 0.067   12.6301 11.1242 9.0389
 67  30  0.433 0.133 0.333 0.100 0.000   14.1539 12.6068 10.3660
 68  30  0.133 0.233 0.300 0.200 0.133   14.3474 12.5335 10.2214
 69  30  0.133 0.167 0.367 0.200 0.133   15.6271 13.8961 11.7315
 70  30  0.333 0.200 0.200 0.167 0.100   14.0996 12.3044 9.9348
 71  30  0.367 0.167 0.133 0.300 0.033   13.3560 11.5255 9.0203
 72  30  0.333 0.200 0.300 0.100 0.067   13.5215 11.9331 9.6541
 73  30  0.333 0.167 0.367 0.100 0.033   13.0462 11.3184 8.9510
 74  30  0.467 0.167 0.267 0.100 0.000   13.1081 11.4145 9.2332
 75  30  0.367 0.133 0.333 0.133 0.033   12.7767 11.3985 9.3149
 76  30  0.267 0.100 0.367 0.167 0.100   14.0811 12.3432 10.0135
 77  30  0.300 0.133 0.100 0.333 0.133   13.9273 12.2868 9.9428
 78  30  0.267 0.400 0.100 0.200 0.033   14.0264 12.2546 9.9587
 79  30  0.367 0.167 0.200 0.267 0.000   13.3405 11.7426 9.6143
 80  30  0.367 0.133 0.167 0.267 0.067   13.7726 12.3090 10.1111
 81  30  0.333 0.133 0.133 0.300 0.100   13.7074 11.9857 9.5523
 82  30  0.267 0.333 0.200 0.133 0.067   13.9280 12.2097 9.9863
 83  30  0.233 0.133 0.267 0.233 0.133   13.8091 12.3204 10.2327
 84  30  0.367 0.100 0.133 0.267 0.133   13.9769 12.4057 10.1375
 85  30  0.433 0.133 0.200 0.167 0.067   13.3533 11.8003 9.5806
 86  30  0.400 0.100 0.167 0.233 0.100   13.3319 11.6530 9.6531
 87  30  0.267 0.300 0.233 0.167 0.033   13.8014 12.2684 10.0380
 88  30  0.367 0.133 0.233 0.233 0.033   13.1972 11.8183 9.6977
 89  30  0.400 0.100 0.167 0.167 0.167   13.9671 12.3593 10.0875
 90  30  0.367 0.100 0.233 0.300 0.000   13.3911 11.8175 9.8128
 91  30  0.267 0.267 0.300 0.167 0.000   13.4991 11.7388 9.2875
 92  30  0.333 0.267 0.267 0.067 0.067   13.4428 11.8641 9.5984
 93  30  0.467 0.033 0.167 0.333 0.000   12.8859 11.1626 8.8397
 94  30  0.333 0.200 0.200 0.167 0.100   13.9648 12.0655 9.5890
 95  30  0.467 0.133 0.267 0.133 0.000   12.9373 11.2285 9.0389
 96  30  0.467 0.200 0.167 0.100 0.067   13.3933 11.8124 9.5117
 97  30  0.233 0.200 0.433 0.133 0.000   13.7118 11.9845 9.5367
 98  30  0.300 0.233 0.300 0.067 0.100   12.8238 11.3200 9.4342
 99  30  0.500 0.200 0.167 0.100 0.033   13.1184 11.4847 9.2580
100  30  0.300 0.200 0.333 0.167 0.000   14.0131 12.0862 9.6528
---------------------------------------------------------------
AVG  30  0.351 0.171 0.220 0.200 0.058   13.6327 11.9922 9.7533
MIN  30  0.133 0.000 0.033 0.067 0.000   12.1719 10.7954 8.7057
MAX  30  0.567 0.433 0.433 0.367 0.167   15.6271 13.8961 11.7315

  # Samp Profile                         DE76    De94   DL
---------------------------------------------------------------
  1  90  0.356 0.222 0.178 0.211 0.033   10.6295 9.6722 8.3407
  2  90  0.344 0.178 0.244 0.156 0.078   10.9735 8.9429 7.3271
  3  90  0.222 0.178 0.322 0.200 0.078   15.6847 14.5784 12.6409
  4  90  0.367 0.156 0.200 0.211 0.067   14.2754 13.4753 11.7629
  5  90  0.289 0.244 0.178 0.233 0.056   13.5957 11.5556 8.7887
  6  90  0.389 0.111 0.211 0.233 0.056   14.9524 13.4867 10.4433
  7  90  0.356 0.144 0.267 0.178 0.056   12.7636 10.3902 8.2933
  8  90  0.311 0.167 0.222 0.278 0.022   14.6400 12.5050 10.7711
  9  90  0.333 0.211 0.156 0.256 0.044   11.4022 10.2507 8.7573
 10  90  0.322 0.156 0.222 0.222 0.078   15.2792 14.2767 12.4185
 11  90  0.278 0.178 0.267 0.222 0.056   11.9138 10.4086 8.0842
 12  90  0.267 0.156 0.311 0.189 0.078   12.6729 11.0472 8.8070
 13  90  0.311 0.189 0.211 0.233 0.056   16.1284 15.1417 13.8009
 14  90  0.367 0.144 0.322 0.122 0.044   15.3502 13.0371 9.7744
 15  90  0.378 0.211 0.189 0.167 0.056   12.5896 10.8826 8.1329
 16  90  0.300 0.156 0.256 0.222 0.067   13.6980 11.5544 9.1811
 17  90  0.378 0.189 0.211 0.189 0.033   12.4604 11.0075 8.7311
 18  90  0.267 0.167 0.333 0.178 0.056   12.5762 11.2671 9.7246
 19  90  0.367 0.178 0.233 0.178 0.044   12.4434 11.5127 9.9028
 20  90  0.333 0.144 0.200 0.244 0.078   14.1752 12.2681 10.1286
 21  90  0.344 0.156 0.233 0.178 0.089   11.2017 9.7310 7.2125
 22  90  0.333 0.167 0.233 0.233 0.033   13.4620 11.9511 9.6772
 23  90  0.422 0.178 0.222 0.122 0.056   13.9673 11.6816 8.4335
 24  90  0.322 0.222 0.167 0.267 0.022   11.6677 10.5157 8.7139
 25  90  0.433 0.089 0.222 0.200 0.056   12.1703 11.0876 9.1697
 26  90  0.356 0.167 0.256 0.156 0.067   12.3240 10.0431 7.7380
 27  90  0.400 0.167 0.267 0.133 0.033   11.4978 10.1775 7.9416
 28  90  0.400 0.144 0.167 0.256 0.033   16.1885 14.5698 11.6698
 29  90  0.311 0.144 0.233 0.244 0.067   15.8505 13.6932 11.5315
 30  90  0.411 0.189 0.156 0.178 0.067   16.7835 15.7730 14.3044
 31  90  0.344 0.200 0.178 0.211 0.067   12.5496 9.8775 6.9506
 32  90  0.433 0.189 0.156 0.178 0.044   11.6124 9.0782 6.0241
 33  90  0.411 0.133 0.222 0.200 0.033   14.5572 13.4447 11.7349
 34  90  0.344 0.178 0.244 0.178 0.056   14.5382 12.6033 8.5908
 35  90  0.300 0.156 0.233 0.256 0.056   14.3315 12.7435 11.0678
 36  90  0.333 0.222 0.278 0.111 0.056   11.4560 9.0024 6.0199
 37  90  0.378 0.156 0.189 0.189 0.089   8.9813 8.2120 6.2962
 38  90  0.333 0.156 0.356 0.111 0.044   15.0172 13.4816 11.4304
 39  90  0.300 0.144 0.311 0.167 0.078   14.0447 13.3613 12.0485
 40  90  0.289 0.167 0.233 0.289 0.022   10.5503 9.5170 8.3548
 41  90  0.311 0.167 0.200 0.278 0.044   14.4106 12.1622 9.3867
 42  90  0.389 0.144 0.178 0.211 0.078   17.0387 14.5754 11.2317
 43  90  0.367 0.111 0.222 0.233 0.067   14.0266 12.3163 10.1495
 44  90  0.311 0.200 0.289 0.122 0.078   11.4653 9.1292 6.9744
 45  90  0.322 0.111 0.333 0.178 0.056   11.7789 8.8880 5.6921
 46  90  0.489 0.111 0.244 0.133 0.022   14.4222 13.4972 12.1670
 47  90  0.289 0.189 0.244 0.222 0.056   14.1253 13.5336 12.3224
 48  90  0.300 0.156 0.233 0.256 0.056   12.5627 11.2631 9.6018
 49  90  0.367 0.233 0.244 0.156 0.000   13.9911 10.6696 7.2907
 50  90  0.356 0.200 0.200 0.178 0.067   15.1670 13.0727 10.4761
 51  90  0.333 0.200 0.267 0.156 0.044   11.9906 10.4712 8.7331
 52  90  0.389 0.122 0.178 0.256 0.056   15.7073 14.5605 12.5629
 53  90  0.267 0.178 0.333 0.178 0.044   15.0641 13.8925 12.2455
 54  90  0.267 0.189 0.189 0.278 0.078   14.1319 13.0216 11.5678
 55  90  0.389 0.178 0.267 0.133 0.033   9.9234 8.2966 5.7104
 56  90  0.278 0.189 0.178 0.289 0.067   12.9644 11.9226 10.5955
 57  90  0.333 0.200 0.244 0.178 0.044   17.0472 14.6243 12.7729
 58  90  0.344 0.178 0.267 0.144 0.067   12.3516 11.0028 7.6456
 59  90  0.289 0.189 0.211 0.189 0.122   14.8662 13.3755 11.6127
 60  90  0.300 0.200 0.256 0.211 0.033   13.0962 11.5837 9.4622
 61  90  0.311 0.222 0.167 0.222 0.078   17.5934 15.9913 13.8916
 62  90  0.300 0.200 0.167 0.211 0.122   13.5328 11.3676 8.7579
 63  90  0.300 0.256 0.222 0.178 0.044   12.8926 11.2154 8.9903
 64  90  0.322 0.200 0.244 0.189 0.044   12.8137 11.4604 8.8506
 65  90  0.311 0.200 0.167 0.233 0.089   13.3476 10.6095 7.6771
 66  90  0.322 0.111 0.300 0.167 0.100   13.2602 11.0400 8.3439
 67  90  0.256 0.211 0.256 0.222 0.056   13.5628 11.5277 8.8821
 68  90  0.311 0.200 0.289 0.133 0.067   12.5630 10.2836 8.1599
 69  90  0.367 0.233 0.156 0.189 0.056   12.4514 10.5259 8.3524
 70  90  0.311 0.167 0.289 0.178 0.056   13.4992 11.9563 9.6981
 71  90  0.244 0.222 0.256 0.211 0.067   14.5037 11.7964 9.7152
 72  90  0.422 0.100 0.222 0.200 0.056   14.7220 14.0241 12.8717
 73  90  0.300 0.133 0.211 0.233 0.122   16.6926 15.3665 13.7634
 74  90  0.278 0.278 0.167 0.200 0.078   14.3690 12.6991 10.7262
 75  90  0.344 0.189 0.189 0.211 0.067   11.3937 10.0893 7.8699
 76  90  0.367 0.133 0.244 0.200 0.056   12.2457 9.3569 6.5635
 77  90  0.344 0.233 0.178 0.222 0.022   14.1916 13.1241 11.8139
 78  90  0.322 0.156 0.233 0.211 0.078   12.4447 11.3363 9.7505
 79  90  0.322 0.200 0.222 0.200 0.056   13.7699 11.8341 7.6353
 80  90  0.344 0.167 0.278 0.144 0.067   10.0483 8.2977 6.2062
 81  90  0.367 0.211 0.178 0.144 0.100   13.9946 12.2906 10.6834
 82  90  0.433 0.133 0.156 0.178 0.100   13.3257 11.3769 9.4052
 83  90  0.322 0.178 0.267 0.144 0.089   17.0612 15.0101 12.3685
 84  90  0.278 0.222 0.167 0.222 0.111   12.4930 10.8035 7.7559
 85  90  0.267 0.144 0.300 0.222 0.067   13.0966 10.7845 8.6338
 86  90  0.444 0.144 0.233 0.133 0.044   10.9145 9.4449 7.3509
 87  90  0.300 0.178 0.200 0.267 0.056   15.4728 13.4250 10.5924
 88  90  0.311 0.144 0.267 0.233 0.044   11.8706 9.8845 7.2635
 89  90  0.267 0.256 0.256 0.144 0.078   13.7421 10.7897 8.0681
 90  90  0.322 0.089 0.278 0.256 0.056   10.4531 8.5950 5.7343
 91  90  0.378 0.144 0.289 0.111 0.078   12.7102 10.2210 7.6741
 92  90  0.389 0.133 0.178 0.267 0.033   11.1483 10.2182 8.9491
 93  90  0.333 0.167 0.233 0.222 0.044   15.4721 13.6819 11.8670
 94  90  0.267 0.244 0.233 0.167 0.089   16.9250 15.3127 13.4335
 95  90  0.356 0.178 0.189 0.178 0.100   11.1764 10.1326 8.5500
 96  90  0.356 0.144 0.222 0.189 0.089   12.5577 11.7758 10.5599
 97  90  0.400 0.133 0.233 0.200 0.033   13.2211 11.9361 10.2922
 98  90  0.289 0.222 0.267 0.167 0.056   15.6354 13.6723 10.9143
 99  90  0.311 0.156 0.200 0.244 0.089   15.7539 13.2473 8.2841
100  90  0.344 0.189 0.211 0.189 0.067   11.8689 10.8322 9.2910
---------------------------------------------------------------
AVG  90  0.336 0.175 0.231 0.198 0.061   13.4588 11.7700 9.5511
MIN  90  0.222 0.089 0.156 0.111 0.000   8.9813 8.2120 5.6921
MAX  90  0.489 0.278 0.356 0.289 0.122   17.5934 15.9913 14.3044

